4480.19981384 D 9 1
9472.30005264 C 18 1
2238.19994926 C 7 1
8133.69989395 C 10 1
5098.50001335 C 13 1
3129.30011749 C 5 1
3587.30006218 D 15 1
4043.10011864 C 16 1
4765.99979401 D 12 1
5961.8999958 C 6 1
16088.9000893 C 17 1
6274.90019798 C 2 1
6971.49991989 C 14 1
2788.30003738 C 4 1
34499.0000725 C 11 1
8762.00008392 C 3 1
11946.199894 C 8 1
6753.29995155 C 1 1
5461.19999886 C 9 2
2074.10001755 C 18 2
1495.00012398 C 7 2
17424.0000248 C 10 2
6453.80020142 D 13 2
2331.89988136 C 5 2
3769.89984512 D 15 2
3273.50020409 D 16 2
13072.5998878 D 12 2
7720.49999237 C 6 2
3236.1998558 C 17 2
22779.2000771 C 2 2
8195.60003281 C 14 2
3685.49990654 C 4 2
9848.00004959 D 11 2
11604.6998501 C 3 2
6240.90003967 C 8 2
9882.40003586 D 1 2
10770.2999115 D 9 3
1869.69995499 C 18 3
953.900098801 C 7 3
5382.49993324 C 10 3
4485.99982262 C 13 3
3436.1000061 C 5 3
2919.99983788 D 15 3
2759.29999352 D 16 3
25743.9000607 D 12 3
6012.20011711 D 6 3
3371.59991264 D 17 3
16315.2999878 C 2 3
3743.90006065 C 14 3
3093.29986572 C 4 3
8961.09986305 C 11 3
5676.39994621 C 3 3
7956.09998703 D 8 3
14401.8998146 D 1 3
3460.3998661 C 9 4
1868.80016327 C 18 4
1649.89995956 C 7 4
5617.30003357 C 10 4
2526.99995041 C 13 4
3966.59994125 C 5 4
7436.39993668 D 15 4
2168.49994659 D 16 4
9811.80000305 D 12 4
5548.90012741 D 6 4
4519.20008659 D 17 4
6374.30000305 D 2 4
3593.6999321 C 14 4
2845.80016136 C 4 4
13497.2000122 C 11 4
4784.69991684 C 3 4
2865.6001091 D 8 4
5060.89997292 D 1 4
6429.80003357 C 9 5
1703.50003242 C 18 5
1340.29984474 C 7 5
15445.8999634 C 10 5
3300.20022392 C 13 5
1351.70006752 C 5 5
19766.5998936 D 15 5
2743.29996109 D 16 5
8210.50000191 D 12 5
2017.59982109 C 6 5
2587.20016479 C 17 5
8556.80012703 D 2 5
2123.80003929 C 14 5
1887.89987564 C 4 5
6297.30010033 C 11 5
2634.59992409 C 3 5
3729.29978371 D 8 5
3957.60011673 D 1 5
5293.49994659 D 9 6
1816.40005112 C 18 6
614.000082016 C 7 6
4229.30002213 C 10 6
3521.39997482 C 13 6
1766.00003242 C 5 6
7783.69998932 C 15 6
2149.3999958 D 16 6
4479.79998589 C 12 6
5712.59999275 C 6 6
2667.50001907 D 17 6
4673.39992523 C 2 6
1336.09986305 C 14 6
1596.69995308 C 4 6
3731.60004616 D 11 6
1318.09997559 C 3 6
2434.99994278 D 8 6
1438.8999939 C 1 6
5660.70008278 C 9 7
4363.39998245 D 18 7
701.699972153 C 7 7
2661.49997711 C 10 7
1795.00007629 C 13 7
1158.90002251 C 5 7
3075.9999752 C 15 7
3143.8999176 C 16 7
3933.3999157 C 12 7
3407.39989281 C 6 7
3210.00003815 D 17 7
5220.00002861 C 2 7
2335.79993248 C 14 7
1146.30007744 C 4 7
2759.59992409 C 11 7
4644.79994774 C 3 7
3791.50009155 C 8 7
9558.5000515 C 1 7
10584.0001106 D 9 8
2967.2999382 C 18 8
2060.10007858 C 7 8
2977.79989243 C 10 8
2498.70014191 C 13 8
1136.20018959 C 5 8
9525.6998539 C 15 8
2673.79999161 C 16 8
10321.3000298 D 12 8
2436.80000305 C 6 8
2225.49986839 D 17 8
3019.29998398 D 2 8
2612.50019073 C 14 8
1201.79986954 C 4 8
7918.90001297 D 11 8
6007.69996643 C 3 8
2181.90002441 C 8 8
9229.30002213 C 1 8
10620.8999157 C 9 9
5023.19979668 C 18 9
544.39997673 C 7 9
2118.49999428 C 10 9
2378.9999485 C 13 9
1108.700037 C 5 9
2207.20005035 C 15 9
1777.89998055 C 16 9
2788.89989853 C 12 9
2302.00004578 D 6 9
2203.00006866 C 17 9
4756.89983368 D 2 9
4107.39994049 C 14 9
811.800003052 C 4 9
1593.49989891 C 11 9
6110.1000309 D 3 9
4509.3998909 C 8 9
5953.59992981 C 1 9
7577.89993286 D 9 10
3017.29989052 D 18 10
1948.79984856 C 7 10
3750.20003319 C 10 10
1671.60010338 C 13 10
1476.29976273 C 5 10
3937.20006943 C 15 10
1309.00001526 C 16 10
1777.10008621 C 12 10
2870.30005455 C 6 10
2736.20009422 C 17 10
6650.39992332 D 2 10
2367.39993095 C 14 10
664.20006752 C 4 10
7127.79998779 C 11 10
6673.40016365 C 3 10
1483.99996758 C 8 10
5926.90014839 D 1 10
2979.19988632 C 9 11
4667.39988327 C 18 11
1282.59992599 C 7 11
1593.49989891 C 10 11
626.399993896 C 13 11
1334.49983597 C 5 11
2085.50000191 C 15 11
1507.60006905 C 16 11
2846.19998932 C 12 11
2198.69995117 C 6 11
2423.90012741 D 17 11
9598.50001335 C 2 11
9349.29990768 C 14 11
699.300050735 C 4 11
9946.70009613 D 11 11
2322.40009308 C 3 11
2142.00019836 C 8 11
5841.30001068 C 1 11
3256.29997253 C 9 12
4384.79995728 D 18 12
598.000049591 C 7 12
1788.80000114 C 10 12
797.800064087 C 13 12
1126.10006332 C 5 12
2286.39984131 C 15 12
2330.10005951 C 16 12
5238.80004883 C 12 12
1793.69997978 C 6 12
2160.39991379 D 17 12
2185.09984016 D 2 12
2881.10017776 C 14 12
712.599992752 C 4 12
1984.20000076 C 11 12
4105.59988022 C 3 12
1682.80005455 C 8 12
4593.19996834 C 1 12
3221.60005569 C 9 13
3685.19997597 C 18 13
765.200138092 C 7 13
918.100118637 C 10 13
1124.90010262 C 13 13
1906.69989586 C 5 13
3016.49999619 C 15 13
1491.30010605 C 16 13
1864.90011215 C 12 13
1604.09998894 C 6 13
2116.99986458 D 17 13
2710.99996567 D 2 13
2382.999897 C 14 13
581.499814987 C 4 13
3232.49983788 D 11 13
3451.20000839 C 3 13
1498.00014496 C 8 13
5193.59993935 C 1 13
1790.8000946 D 9 14
3167.40012169 C 18 14
731.600046158 C 7 14
480.899810791 C 10 14
1987.29991913 C 13 14
1559.40008163 C 5 14
2645.49994469 C 15 14
1005.00011444 C 16 14
1782.50002861 C 12 14
1470.99995613 C 6 14
1886.0001564 D 17 14
5913.1000042 D 2 14
1114.39990997 C 14 14
2704.30016518 C 4 14
4716.50004387 D 11 14
1456.60018921 D 3 14
1762.90011406 C 8 14
2729.09998894 D 1 14
3460.50000191 C 9 15
1902.49991417 C 18 15
482.399940491 C 7 15
719.300031662 C 10 15
562.00003624 C 13 15
1581.30002022 C 5 15
1921.99993134 C 15 15
650.699853897 C 16 15
3907.29999542 C 12 15
1226.90010071 C 6 15
2708.49990845 C 17 15
3190.39988518 C 2 15
1753.49998474 C 14 15
714.900016785 C 4 15
3261.49988174 C 11 15
680.29999733 D 3 15
3306.29992485 C 8 15
5941.69998169 C 1 15
1619.10009384 D 9 16
3060.69993973 D 18 16
525.400161743 C 7 16
633.599996567 C 10 16
579.499959946 C 13 16
896.800041199 C 5 16
1135.39981842 C 15 16
831.700086594 C 16 16
1142.8000927 C 12 16
1189.09978867 C 6 16
2590.70014954 C 17 16
4697.39985466 D 2 16
939.899921417 C 14 16
603.100061417 C 4 16
4745.90015411 C 11 16
607.599973679 D 3 16
1571.59996033 C 8 16
1509.59992409 C 1 16
4057.60002136 D 9 17
2104.79998589 D 18 17
481.800079346 C 7 17
656.300067902 C 10 17
1127.79998779 C 13 17
1084.20014381 C 5 17
4864.30001259 C 15 17
940.69981575 C 16 17
1516.99995995 C 12 17
977.999925613 C 6 17
3896.60000801 C 17 17
6161.20004654 D 2 17
1085.19983292 C 14 17
713.500022888 C 4 17
7855.29994965 C 11 17
370.100021362 D 3 17
1882.69996643 C 8 17
4479.5999527 D 1 17
2543.49994659 C 9 18
2333.70018005 C 18 18
541.599988937 C 7 18
498.299837112 C 10 18
736.09995842 C 13 18
588.599920273 C 5 18
3330.10005951 C 15 18
386.799812317 C 16 18
1210.09993553 C 12 18
1547.99985886 C 6 18
1294.89994049 D 17 18
4783.69998932 C 2 18
951.40004158 C 14 18
568.000078201 C 4 18
936.499834061 D 11 18
644.399881363 D 3 18
2006.79993629 D 8 18
5833.69994164 D 1 18
4922.10006714 D 9 19
2716.30001068 C 18 19
417.700052261 C 7 19
720.100164413 C 10 19
740.6001091 C 13 19
766.000032425 C 5 19
2307.20019341 C 15 19
1127.4998188 C 16 19
964.799880981 C 12 19
1029.99997139 C 6 19
2168.30015182 D 17 19
3416.10002518 D 2 19
1664.00003433 C 14 19
590.700149536 C 4 19
1689.19992447 D 11 19
603.600025177 D 3 19
3822.20005989 D 8 19
2347.8000164 D 1 19
3206.00008965 C 9 20
1216.90011024 C 18 20
577.800035477 C 7 20
859.800100327 C 10 20
1874.00007248 C 13 20
1528.59997749 C 5 20
4755.69987297 C 15 20
793.90001297 C 16 20
967.200040817 C 12 20
1149.00016785 C 6 20
3306.29992485 C 17 20
2421.90003395 D 2 20
1018.80002022 C 14 20
1282.40013123 C 4 20
4488.10005188 D 11 20
1694.09990311 C 3 20
2469.79999542 D 8 20
1294.49987411 C 1 20
2516.20006561 D 9 21
1813.40003014 D 18 21
637.700080872 C 7 21
465.49987793 C 10 21
944.000005722 C 13 21
2288.69986534 C 5 21
4481.1000824 C 15 21
687.99996376 C 16 21
561.399936676 C 12 21
1105.70001602 C 6 21
972.899913788 D 17 21
2156.59999847 C 2 21
920.099973679 C 14 21
753.599882126 C 4 21
1800.00019073 C 11 21
734.800100327 C 3 21
1442.70014763 C 8 21
2896.20018005 C 1 21
3230.60011864 C 9 22
1681.90002441 D 18 22
420.200109482 C 7 22
523.599863052 C 10 22
3137.49980927 C 13 22
1803.69997025 C 5 22
3027.09984779 C 15 22
1463.2999897 C 16 22
646.399974823 C 12 22
864.599943161 C 6 22
2180.89985847 D 17 22
2621.79994583 D 2 22
1112.79988289 C 14 22
829.59985733 C 4 22
2036.79990768 C 11 22
412.400007248 C 3 22
1130.30004501 C 8 22
1541.00012779 C 1 22
4073.60005379 D 9 23
2101.00007057 D 18 23
453.59992981 C 7 23
627.00009346 C 10 23
879.199981689 C 13 23
726.900100708 C 5 23
2672.09982872 C 15 23
925.200223923 C 16 23
590.000152588 C 12 23
967.49997139 C 6 23
2120.30005455 C 17 23
1347.50008583 D 2 23
820.099830627 C 14 23
658.999919891 C 4 23
3520.99990845 C 11 23
458.60004425 C 3 23
2291.70012474 D 8 23
1602.59985924 C 1 23
1909.29985046 D 9 24
1991.19997025 D 18 24
520.200014114 C 7 24
544.800043106 C 10 24
751.399993896 C 13 24
653.899908066 C 5 24
795.300006866 C 15 24
996.400117874 C 16 24
610.599994659 C 12 24
978.399991989 C 6 24
1121.0000515 D 17 24
7765.19989967 D 2 24
963.700056076 C 14 24
748.399972916 C 4 24
2213.2999897 C 11 24
408.299922943 C 3 24
1827.80003548 C 8 24
2254.40001488 C 1 24
1711.69996262 D 9 25
2442.60001183 D 18 25
729.500055313 C 7 25
554.600000381 C 10 25
645.099878311 C 13 25
702.200174332 C 5 25
1392.79985428 C 15 25
790.199995041 C 16 25
876.399993896 C 12 25
801.899909973 C 6 25
2042.00005531 D 17 25
2479.50005531 C 2 25
1135.40005684 C 14 25
609.500169754 C 4 25
1514.50014114 C 11 25
483.299970627 C 3 25
1334.89990234 C 8 25
1651.10015869 D 1 25
2305.99999428 D 9 26
3029.40011024 D 18 26
1023.69999886 C 7 26
3799.39985275 C 10 26
797.199964523 C 13 26
559.99994278 C 5 26
1084.10000801 C 15 26
869.600057602 C 16 26
1650.09999275 C 12 26
586.29989624 C 6 26
2337.80002594 D 17 26
6154.59990501 C 2 26
1122.60007858 C 14 26
586.199998856 C 4 26
1253.20005417 C 11 26
718.999862671 C 3 26
2940.79995155 C 8 26
3871.40011787 C 1 26
2035.59994698 D 9 27
1595.00002861 C 18 27
1156.20017052 C 7 27
562.799930573 C 10 27
782.00006485 C 13 27
759.20009613 C 5 27
944.70000267 C 15 27
957.200050354 C 16 27
1288.89989853 C 12 27
868.100166321 C 6 27
1627.79998779 D 17 27
1278.00011635 D 2 27
1404.50000763 C 14 27
628.600120544 C 4 27
947.599887848 C 11 27
512.799978256 C 3 27
1949.10001755 C 8 27
2016.4000988 D 1 27
3547.80006409 D 9 28
1695.89996338 C 18 28
585.900068283 C 7 28
777.600049973 C 10 28
1048.90012741 C 13 28
750.49996376 C 5 28
1044.50011253 C 15 28
1194.70000267 C 16 28
1542.90008545 C 12 28
710.399866104 C 6 28
2065.70005417 D 17 28
1071.60019875 D 2 28
1008.89992714 C 14 28
546.59986496 C 4 28
1273.2000351 C 11 28
491.300106049 C 3 28
5401.59988403 D 8 28
3296.99993134 C 1 28
2142.10009575 C 9 29
1620.50008774 C 18 29
623.399972916 C 7 29
697.100162506 C 10 29
843.600034714 C 13 29
663.500070572 C 5 29
975.19993782 C 15 29
782.299995422 C 16 29
594.599962234 C 12 29
790.400028229 C 6 29
1289.49999809 C 17 29
3867.89989471 D 2 29
1012.20011711 C 14 29
534.199953079 C 4 29
1125.30016899 C 11 29
412.899971008 C 3 29
4481.19997978 C 8 29
5221.60005569 C 1 29
2410.49981117 C 9 30
1581.69984818 C 18 30
506.000041962 C 7 30
2552.79994011 C 10 30
585.000038147 C 13 30
846.800088882 C 5 30
1098.20008278 C 15 30
698.800086975 C 16 30
584.300041199 C 12 30
756.500005722 C 6 30
3918.29991341 D 17 30
4519.09995079 C 2 30
759.500026703 C 14 30
558.099985123 C 4 30
518.59998703 C 11 30
369.199991226 C 3 30
3542.70005226 C 8 30
4469.39992905 C 1 30
4960.19983292 D 9 31
1133.30006599 C 18 31
492.100000381 C 7 31
673.099994659 C 10 31
870.399951935 C 13 31
477.599859238 C 5 31
1132.89999962 C 15 31
497.600078583 C 16 31
16384.7000599 C 12 31
610.900163651 C 6 31
6938.80009651 D 17 31
2214.40005302 C 2 31
887.799978256 C 14 31
564.400196075 C 4 31
1087.99982071 C 11 31
1354.09998894 C 3 31
1383.29982758 C 8 31
2443.19987297 D 1 31
3013.4999752 C 9 32
1882.29990005 C 18 32
492.79999733 C 7 32
1719.59996223 C 10 32
1274.19996262 C 13 32
1994.50016022 C 5 32
646.600008011 C 15 32
890.399932861 C 16 32
2624.30000305 C 12 32
978.100061417 C 6 32
1650.39992332 D 17 32
3570.89996338 D 2 32
1014.69993591 C 14 32
745.699882507 C 4 32
1657.29999542 C 11 32
510.200023651 C 3 32
1391.99995995 D 8 32
7356.09984398 D 1 32
2069.70000267 C 9 33
897.899866104 C 18 33
602.599859238 C 7 33
509.900093079 C 10 33
609.699964523 C 13 33
2587.10002899 C 5 33
1075.90007782 C 15 33
1107.69987106 C 16 33
676.10001564 C 12 33
840.100049973 C 6 33
1967.30017662 D 17 33
1078.19986343 D 2 33
1402.99987793 C 14 33
664.700031281 C 4 33
954.999923706 C 11 33
453.699827194 C 3 33
1323.79984856 D 8 33
1807.80005455 D 1 33
3449.9001503 D 9 34
822.700023651 C 18 34
532.200098038 C 7 34
565.200090408 C 10 34
1855.90004921 C 13 34
1672.10006714 C 5 34
1011.49988174 C 15 34
1190.50002098 C 16 34
810.199975967 C 12 34
701.799869537 C 6 34
856.200218201 C 17 34
1898.10013771 C 2 34
2220.40009499 C 14 34
1312.40010262 D 4 34
998.399972916 C 11 34
619.100093842 C 3 34
2572.70002365 D 8 34
1617.89989471 D 1 34
3056.9999218 C 9 35
1845.2000618 C 18 35
570.199966431 C 7 35
1422.89996147 C 10 35
1782.09996223 C 13 35
781.499862671 C 5 35
693.399906158 C 15 35
1042.29998589 C 16 35
660.099983215 C 12 35
705.500125885 C 6 35
1198.30012321 C 17 35
1628.9999485 C 2 35
6228.39999199 C 14 35
1911.20004654 D 4 35
1092.20004082 C 11 35
411.900043488 C 3 35
1559.80014801 C 8 35
1298.09999466 C 1 35
1585.99996567 C 9 36
1602.69999504 C 18 36
489.500045776 C 7 36
495.399951935 C 10 36
1946.09999657 C 13 36
752.099990845 C 5 36
3772.40014076 C 15 36
805.800199509 C 16 36
3140.69986343 C 12 36
597.499847412 C 6 36
1047.4998951 C 17 36
2152.3001194 C 2 36
6144.59991455 D 14 36
623.399972916 D 4 36
1021.19994164 C 11 36
414.300203323 C 3 36
1032.50002861 D 8 36
1080.60002327 C 1 36
2539.40010071 C 9 37
1387.90011406 C 18 37
509.3998909 C 7 37
578.899860382 C 10 37
1727.99992561 C 13 37
736.299991608 C 5 37
3397.19986916 C 15 37
718.600034714 C 16 37
680.499792099 C 12 37
515.199899673 C 6 37
975.900173187 C 17 37
3088.2999897 C 2 37
4715.7998085 D 14 37
1392.49992371 C 4 37
1206.40015602 C 11 37
678.200006485 C 3 37
1567.39997864 C 8 37
1563.49992752 C 1 37
1752.19988823 C 9 38
1001.29985809 C 18 38
737.999916077 C 7 38
655.900001526 C 10 38
1039.79992867 C 13 38
551.000118256 C 5 38
698.999881744 C 15 38
896.600008011 C 16 38
3775.30002594 C 12 38
485.700130463 C 6 38
2291.00012779 C 17 38
3203.40013504 C 2 38
3963.09995651 D 14 38
1869.6000576 D 4 38
886.400222778 C 11 38
373.199939728 C 3 38
1609.89999771 C 8 38
3258.50009918 D 1 38
2393.29981804 C 9 39
890.90013504 C 18 39
696.599960327 C 7 39
627.50005722 C 10 39
742.100000381 C 13 39
546.499967575 C 5 39
871.700048447 C 15 39
898.200035095 C 16 39
2009.3998909 C 12 39
545.200109482 C 6 39
904.000043869 C 17 39
3159.30008888 C 2 39
3808.70008469 D 14 39
2129.50015068 D 4 39
991.800069809 C 11 39
410.599946976 C 3 39
1562.30020523 D 8 39
5442.19994545 D 1 39
1615.10014534 C 9 40
740.299940109 C 18 40
543.499946594 C 7 40
704.500198364 C 10 40
694.000005722 C 13 40
755.100011826 C 5 40
738.899946213 C 15 40
527.199983597 C 16 40
1125.90003014 D 12 40
466.899871826 C 6 40
1768.20015907 D 17 40
8028.90014648 C 2 40
3273.2000351 C 14 40
1457.7999115 C 4 40
1517.89999008 C 11 40
426.000118256 C 3 40
2143.39995384 C 8 40
1402.3001194 D 1 40
2032.09996223 C 9 41
729.000091553 C 18 41
476.199865341 C 7 41
552.599906921 C 10 41
777.099847794 C 13 41
983.40010643 C 5 41
903.300046921 C 15 41
794.199943542 C 16 41
6407.09996223 D 12 41
1345.89982033 C 6 41
1508.69989395 C 17 41
5046.39983177 C 2 41
2458.09984207 D 14 41
788.100004196 C 4 41
1356.69994354 C 11 41
422.100067139 C 3 41
1625.60009956 D 8 41
2704.80012894 D 1 41
2411.09991074 C 9 42
805.599927902 C 18 42
593.199968338 C 7 42
648.000001907 C 10 42
1509.89985466 C 13 42
536.000013351 C 5 42
672.299861908 C 15 42
475.799798965 C 16 42
5003.9999485 C 12 42
1972.00012207 D 6 42
1342.70000458 C 17 42
2519.79994774 D 2 42
2735.49985886 C 14 42
1655.09986877 C 4 42
1724.80010986 C 11 42
594.900131226 C 3 42
3628.39984894 D 8 42
1348.60014915 D 1 42
990.400075912 C 9 43
829.200029373 C 18 43
490.399837494 C 7 43
586.499929428 C 10 43
1258.39996338 C 13 43
720.700025558 C 5 43
920.90010643 C 15 43
946.799993515 C 16 43
10132.4999332 D 12 43
1893.40019226 D 6 43
1788.1000042 D 17 43
2008.70013237 C 2 43
1913.89989853 C 14 43
704.899787903 C 4 43
806.900024414 C 11 43
395.299911499 C 3 43
1513.8001442 D 8 43
1248.20017815 D 1 43
1757.20000267 C 9 44
804.500102997 C 18 44
745.900154114 C 7 44
605.700016022 C 10 44
2213.79995346 C 13 44
1187.19983101 C 5 44
569.499969482 C 15 44
703.40013504 C 16 44
4520.4000473 C 12 44
1133.49986076 C 6 44
1539.00003433 C 17 44
2060.40000916 C 2 44
1599.0998745 C 14 44
617.300033569 C 4 44
1465.49987793 C 11 44
836.199998856 C 3 44
1202.80003548 D 8 44
1056.40006065 C 1 44
2483.79993439 C 9 45
885.800123215 C 18 45
783.200025558 C 7 45
1116.19997025 C 10 45
1552.59990692 C 13 45
1227.60009766 C 5 45
684.900045395 C 15 45
582.100152969 C 16 45
1587.89992332 C 12 45
1031.39996529 C 6 45
842.100143433 C 17 45
9639.7998333 D 2 45
1090.19994736 C 14 45
739.500045776 C 4 45
1635.09988785 C 11 45
503.799915314 C 3 45
1348.70004654 C 8 45
1390.59996605 C 1 45
1377.9001236 C 9 46
659.299850464 C 18 46
554.399967194 C 7 46
521.999835968 C 10 46
1058.89987946 C 13 46
784.799814224 C 5 46
550.300121307 C 15 46
537.400007248 C 16 46
630.300045013 C 12 46
1040.49992561 C 6 46
2447.59988785 D 17 46
1785.39991379 C 2 46
675.900220871 C 14 46
619.400024414 C 4 46
886.099815369 C 11 46
474.600076675 C 3 46
1119.29988861 C 8 46
956.500053406 C 1 46
3088.00005913 C 9 47
596.699953079 C 18 47
685.899972916 C 7 47
620.199918747 C 10 47
1537.19997406 C 13 47
1246.59991264 C 5 47
904.399871826 C 15 47
939.300060272 C 16 47
627.399921417 C 12 47
724.599838257 C 6 47
1819.4000721 C 17 47
2111.09995842 C 2 47
749.50003624 C 14 47
525.199890137 C 4 47
1110.39996147 C 11 47
537.500143051 C 3 47
5592.20004082 C 8 47
1770.20001411 C 1 47
1335.60013771 C 9 48
556.900024414 C 18 48
571.000099182 C 7 48
660.300016403 C 10 48
805.600166321 C 13 48
606.40001297 C 5 48
885.800123215 C 15 48
711.399793625 C 16 48
639.499902725 C 12 48
443.099975586 C 6 48
920.500040054 D 17 48
3593.10007095 C 2 48
752.099990845 C 14 48
516.899824142 C 4 48
1678.79986763 C 11 48
429.200172424 C 3 48
1239.50004578 C 8 48
1026.80015564 C 1 48
1994.80009079 C 9 49
619.000196457 C 18 49
569.299936295 C 7 49
477.099895477 C 10 49
725.899934769 C 13 49
1050.10008812 C 5 49
1288.30003738 C 15 49
1035.50004959 C 16 49
643.199920654 C 12 49
461.499929428 C 6 49
1064.70012665 C 17 49
1092.49997139 C 2 49
823.499917984 C 14 49
548.900127411 C 4 49
918.800115585 C 11 49
491.500139236 C 3 49
1028.59997749 C 8 49
1584.10000801 C 1 49
4876.29985809 C 9 50
574.89991188 C 18 50
541.999816895 C 7 50
540.499925613 C 10 50
616.800069809 C 13 50
562.199831009 C 5 50
657.69982338 C 15 50
894.799947739 C 16 50
559.499979019 C 12 50
446.500062943 C 6 50
1001.3999939 D 17 50
1214.99991417 C 2 50
782.599925995 C 14 50
654.600143433 C 4 50
830.899953842 C 11 50
707.799911499 C 3 50
1136.49988174 C 8 50
1414.09993172 C 1 50
1047.80006409 C 9 51
607.599973679 C 18 51
550.500154495 C 7 51
452.100038528 C 10 51
649.600028992 C 13 51
901.200056076 C 5 51
665.300130844 C 15 51
487.799882889 C 16 51
1039.80016708 C 12 51
430.099964142 C 6 51
1113.60001564 C 17 51
1727.99992561 D 2 51
790.899991989 C 14 51
543.499946594 C 4 51
617.399930954 C 11 51
455.899953842 C 3 51
932.999849319 C 8 51
1066.59984589 C 1 51
1289.79992867 C 9 52
948.100090027 C 18 52
657.50002861 C 7 52
516.600131989 C 10 52
1089.29991722 C 13 52
862.400054932 C 5 52
1697.20005989 C 15 52
911.50021553 C 16 52
1155.29990196 C 12 52
483.90007019 C 6 52
1016.80016518 D 17 52
1438.49992752 D 2 52
896.800041199 C 14 52
573.799848557 C 4 52
1887.00008392 C 11 52
506.799936295 C 3 52
1296.39983177 C 8 52
1293.20001602 C 1 52
1139.8999691 C 9 53
525.7999897 C 18 53
594.50006485 C 7 53
542.799949646 C 10 53
594.50006485 C 13 53
529.400110245 C 5 53
1066.69998169 C 15 53
816.699981689 C 16 53
657.999992371 C 12 53
473.999977112 C 6 53
693.900108337 C 17 53
1334.70010757 D 2 53
886.199951172 C 14 53
515.200138092 C 4 53
1211.49992943 C 11 53
506.299972534 C 3 53
629.899978638 C 8 53
747.799873352 C 1 53
1049.09992218 C 9 54
498.099803925 C 18 54
575.600147247 C 7 54
548.900127411 C 10 54
490.800142288 C 13 54
475.099802017 C 5 54
1067.19994545 C 15 54
768.000125885 C 16 54
616.699934006 C 12 54
437.900066376 C 6 54
716.599941254 D 17 54
2094.50006485 C 2 54
986.900091171 C 14 54
454.09989357 C 4 54
994.899988174 C 11 54
436.599969864 C 3 54
635.900020599 C 8 54
1018.39995384 C 1 54
2180.79996109 C 9 55
480.099916458 C 18 55
557.399988174 C 7 55
479.699850082 C 10 55
496.099948883 C 13 55
446.000099182 C 5 55
1799.99995232 C 15 55
618.800163269 C 16 55
563.800096512 C 12 55
498.000144958 C 6 55
1568.09997559 C 17 55
921.40007019 C 2 55
708.899974823 C 14 55
504.800081253 C 4 55
938.499927521 C 11 55
765.300035477 C 3 55
484.100103378 C 8 55
939.100027084 C 1 55
1484.80010033 C 9 56
502.00009346 C 18 56
550.10008812 C 7 56
474.599838257 C 10 56
495.800018311 C 13 56
485.100030899 C 5 56
1130.80000877 C 15 56
405.49993515 C 16 56
543.100118637 C 12 56
367.60020256 C 6 56
1514.19997215 D 17 56
2446.59996033 C 2 56
591.899871826 C 14 56
561.899900436 C 4 56
414.699792862 C 11 56
501.699924469 C 3 56
501.899957657 C 8 56
829.499959946 C 1 56
1054.500103 C 9 57
705.899953842 C 18 57
587.000131607 C 7 57
425.499916077 C 10 57
474.099874496 C 13 57
618.999958038 C 5 57
701.699972153 C 15 57
387.600183487 C 16 57
583.699941635 C 12 57
485.399961472 C 6 57
1656.1999321 C 17 57
1386.10005379 C 2 57
757.099866867 C 14 57
495.499849319 C 4 57
777.100086212 C 11 57
378.799915314 C 3 57
543.499946594 C 8 57
858.199834824 C 1 57
1290.99988937 C 9 58
663.100004196 C 18 58
568.70007515 C 7 58
476.20010376 C 10 58
571.199893951 C 13 58
601.599931717 C 5 58
659.299850464 C 15 58
481.499910355 C 16 58
745.800018311 C 12 58
474.600076675 C 6 58
1167.50001907 D 17 58
1618.70002747 D 2 58
870.800018311 C 14 58
500.300168991 C 4 58
780.600070953 C 11 58
2191.69998169 C 3 58
681.300163269 C 8 58
1056.80012703 C 1 58
1036.90004349 C 9 59
437.799930573 C 18 59
528.699874878 C 7 59
425.599813461 C 10 59
559.700012207 C 13 59
607.499837875 C 5 59
255.499839783 C 15 59
449.599981308 C 16 59
500.600099564 C 12 59
398.29993248 C 6 59
1506.59990311 C 17 59
1162.40000725 D 2 59
685.899972916 C 14 59
472.6998806 C 4 59
791.599988937 C 11 59
1169.19994354 C 3 59
444.100141525 C 8 59
883.899927139 C 1 59
1034.89995003 C 9 60
448.89998436 C 18 60
559.499979019 C 7 60
469.199895859 C 10 60
1617.000103 C 13 60
559.399843216 C 5 60
763.200044632 C 15 60
477.699995041 C 16 60
453.59992981 C 12 60
424.499988556 C 6 60
1470.70002556 C 17 60
4434.40008163 C 2 60
1159.10005569 C 14 60
510.900020599 C 4 60
650.399923325 C 11 60
1518.70012283 C 3 60
524.600028992 C 8 60
667.300224304 C 1 60
1258.10003281 C 9 61
730.200052261 C 18 61
455.60002327 C 7 61
501.700162888 C 10 61
588.700056076 C 13 61
493.999958038 C 5 61
988.800048828 C 15 61
622.900009155 C 16 61
640.500068665 C 12 61
415.899991989 C 6 61
1131.00004196 D 17 61
4854.50005531 C 2 61
1059.10015106 C 14 61
519.600152969 C 4 61
1292.99998283 C 11 61
404.99997139 C 3 61
558.099985123 C 8 61
876.600027084 C 1 61
987.200021744 C 9 62
446.20013237 C 18 62
667.700052261 C 7 62
493.900060654 C 10 62
685.700178146 C 13 62
477.900028229 C 5 62
658.099889755 C 15 62
472.500085831 C 16 62
1025.40016174 C 12 62
352.699995041 C 6 62
1721.89998627 D 17 62
1831.09998703 D 2 62
687.5 C 14 62
680.099964142 C 4 62
1123.99983406 C 11 62
569.900035858 C 3 62
471.399784088 C 8 62
1309.29994583 C 1 62
1224.10011292 C 9 63
522.000074387 C 18 63
1017.99988747 C 7 63
496.200084686 C 10 63
1008.39996338 C 13 63
649.999856949 C 5 63
496.399879456 C 15 63
599.499940872 C 16 63
619.400024414 C 12 63
600.600004196 C 6 63
2660.89987755 C 17 63
1171.00000381 D 2 63
873.700141907 C 14 63
901.099920273 C 4 63
1044.30007935 C 11 63
502.499818802 C 3 63
466.599941254 C 8 63
1026.09992027 C 1 63
853.100061417 C 9 64
783.900022507 C 18 64
569.999933243 C 7 64
717.799901962 C 10 64
672.90019989 C 13 64
450.299978256 C 5 64
634.000062943 C 15 64
928.1001091 C 16 64
573.500156403 C 12 64
405.100107193 C 6 64
1813.8999939 D 17 64
1844.69985962 C 2 64
1154.00004387 C 14 64
459.300041199 C 4 64
824.100017548 C 11 64
455.800056458 C 3 64
897.500038147 C 8 64
1113.69991302 C 1 64
873.399972916 C 9 65
462.200164795 C 18 65
477.299928665 C 7 65
463.399887085 C 10 65
487.400054932 C 13 65
685.199975967 C 5 65
718.799829483 C 15 65
405.900001526 C 16 65
509.700059891 C 12 65
337.199926376 C 6 65
1399.3999958 D 17 65
932.899951935 C 2 65
963.500022888 C 14 65
502.099990845 C 4 65
1108.50000381 C 11 65
428.1001091 C 3 65
656.200170517 C 8 65
1012.79997826 C 1 65
735.599994659 C 9 66
459.800004959 C 18 66
478.199958801 C 7 66
516.699790955 C 10 66
523.79989624 C 13 66
711.999893188 C 5 66
552.099943161 C 15 66
483.500003815 C 16 66
449.39994812 C 12 66
429.300069809 C 6 66
819.70000267 D 17 66
1147.50003815 D 2 66
716.900110245 C 14 66
442.19994545 C 4 66
1594.39992905 C 11 66
472.100019455 C 3 66
259.999990463 C 8 66
687.599897385 C 1 66
650.599956512 C 9 67
471.499919891 C 18 67
582.000017166 C 7 67
498.199939728 C 10 67
772.500038147 C 13 67
495.800018311 C 5 67
953.700065613 C 15 67
435.199975967 C 16 67
444.20003891 C 12 67
434.599876404 C 6 67
721.599817276 D 17 67
1301.50008202 D 2 67
610.000133514 C 14 67
508.899927139 C 4 67
1052.59990692 C 11 67
513.000011444 C 3 67
536.599874496 C 8 67
631.400108337 C 1 67
814.100027084 C 9 68
568.900108337 C 18 68
472.900152206 C 7 68
413.199901581 C 10 68
1625.29993057 C 13 68
586.29989624 C 5 68
684.299945831 C 15 68
474.800109863 C 16 68
537.900209427 C 12 68
394.800186157 C 6 68
696.699857712 D 17 68
1056.59985542 D 2 68
579.499959946 C 14 68
473.799943924 C 4 68
880.699872971 C 11 68
638.700008392 C 3 68
614.099979401 C 8 68
758.699893951 C 1 68
616.800069809 C 9 69
620.500087738 C 18 69
451.700210571 C 7 69
655.300140381 C 10 69
716.099977493 C 13 69
470.200061798 C 5 69
476.20010376 C 15 69
667.800188065 C 16 69
498.900175095 C 12 69
570.100069046 C 6 69
1756.4997673 D 17 69
4625.99992752 D 2 69
863.399982452 C 14 69
675.099849701 C 4 69
1579.80012894 C 11 69
354.500055313 C 3 69
665.999889374 C 8 69
2135.60009003 C 1 69
941.699981689 C 9 70
548.300027847 C 18 70
513.499975204 C 7 70
964.900016785 C 10 70
786.600112915 C 13 70
1938.80009651 C 5 70
1038.1000042 C 15 70
489.099979401 C 16 70
481.800079346 C 12 70
410.700082779 C 6 70
926.400184631 D 17 70
816.499948502 C 2 70
896.199941635 C 14 70
591.200113297 C 4 70
973.299980164 C 11 70
449.099779129 C 3 70
562.400102615 C 8 70
662.19997406 C 1 70
747.200012207 C 9 71
570.199966431 C 18 71
569.20003891 C 7 71
1076.79986954 C 10 71
703.399896622 C 13 71
573.499917984 C 5 71
476.799964905 C 15 71
687.099933624 C 16 71
552.999973297 C 12 71
465.800046921 C 6 71
3005.99980354 C 17 71
535.899877548 C 2 71
715.299844742 C 14 71
448.70018959 C 4 71
931.699991226 C 11 71
401.199817657 C 3 71
472.800016403 C 8 71
617.300033569 C 1 71
488.399982452 C 9 72
519.500017166 C 18 72
490.599870682 C 7 72
512.199878693 C 10 72
537.100076675 C 13 72
715.30008316 C 5 72
650.699853897 C 15 72
485.399961472 C 16 72
471.999883652 C 12 72
426.300048828 C 6 72
1226.70006752 C 17 72
2315.39988518 D 2 72
795.90010643 C 14 72
519.500017166 C 4 72
910.400152206 C 11 72
394.900083542 C 3 72
669.500112534 C 8 72
2637.79997826 C 1 72
608.100175858 C 9 73
557.700157166 C 18 73
605.799913406 C 7 73
1914.40010071 C 10 73
525.7999897 C 13 73
998.000144958 C 5 73
513.000011444 C 15 73
445.900201797 C 16 73
557.30009079 C 12 73
353.100061417 C 6 73
1551.89990997 C 17 73
1223.00004959 C 2 73
946.099996567 C 14 73
461.100101471 C 4 73
830.899953842 C 11 73
416.400194168 C 3 73
980.499982834 C 8 73
1694.99993324 C 1 73
650.30002594 C 9 74
1222.00012207 C 18 74
438.199996948 C 7 74
3418.40004921 C 10 74
882.600069046 C 13 74
548.399925232 C 5 74
772.699832916 C 15 74
620.800018311 C 16 74
567.899942398 C 12 74
469.199895859 C 6 74
1040.40002823 C 17 74
2976.99999809 C 2 74
824.300050735 C 14 74
457.800149918 C 4 74
553.099870682 C 11 74
430.79996109 C 3 74
602.499961853 C 8 74
1217.2999382 C 1 74
698.300123215 C 9 75
726.799964905 C 18 75
519.100189209 C 7 75
486.500024796 C 10 75
1637.10021973 C 13 75
650.7999897 C 5 75
586.199998856 C 15 75
417.400121689 C 16 75
1419.39997673 C 12 75
406.899929047 C 6 75
743.700027466 C 17 75
6868.70002747 C 2 75
765.899896622 C 14 75
585.299968719 C 4 75
1139.19997215 C 11 75
375.900030136 C 3 75
459.500074387 C 8 75
781.400203705 C 1 75
900.700092316 C 9 76
758.599996567 C 18 76
699.39994812 C 7 76
496.000051498 C 10 76
722.400188446 C 13 76
720.999956131 C 5 76
516.299962997 C 15 76
940.500020981 C 16 76
532.599925995 C 12 76
621.599912643 C 6 76
645.900011063 C 17 76
3595.40009499 C 2 76
826.399803162 C 14 76
662.100076675 C 4 76
434.900045395 C 11 76
374.499797821 C 3 76
660.100221634 C 8 76
835.800170898 C 1 76
717.49997139 C 9 77
521.10004425 C 18 77
637.799978256 C 7 77
569.600105286 C 10 77
483.399868011 C 13 77
873.899936676 C 5 77
646.300077438 C 15 77
674.299955368 C 16 77
780.300140381 C 12 77
488.60001564 C 6 77
470.299959183 C 17 77
2793.69997978 C 2 77
1025.30002594 C 14 77
647.799968719 C 4 77
442.600011826 C 11 77
429.899930954 C 3 77
458.499908447 C 8 77
1505.89990616 C 1 77
816.300153732 C 9 78
597.800016403 C 18 78
491.999864578 C 7 78
562.99996376 C 10 78
456.900119781 C 13 78
538.299798965 C 5 78
2416.50009155 C 15 78
726.900100708 C 16 78
757.300138474 C 12 78
481.600046158 C 6 78
519.700050354 C 17 78
2507.59983063 C 2 78
850.800037384 C 14 78
599.099874496 C 4 78
550.799846649 C 11 78
483.699798584 C 3 78
463.999986649 C 8 78
3057.50012398 C 1 78
685.199975967 C 9 79
698.800086975 C 18 79
543.40004921 C 7 79
466.500043869 C 10 79
573.299884796 C 13 79
763.000011444 C 5 79
3449.19991493 C 15 79
752.099990845 C 16 79
524.199962616 C 12 79
561.699867249 C 6 79
798.900127411 C 17 79
5367.10000038 C 2 79
601.799964905 C 14 79
472.300052643 C 4 79
378.400087357 C 11 79
418.800115585 C 3 79
453.500032425 C 8 79
1005.19990921 C 1 79
502.700090408 C 9 80
437.799930573 C 18 80
509.199857712 C 7 80
1052.29997635 C 10 80
677.500009537 C 13 80
521.199941635 C 5 80
639.100074768 C 15 80
737.400054932 C 16 80
652.100086212 C 12 80
395.799875259 C 6 80
539.599895477 C 17 80
3597.8000164 C 2 80
621.799945831 C 14 80
463.599920273 C 4 80
470.999956131 C 11 80
463.099956512 C 3 80
972.19991684 C 8 80
690.00005722 C 1 80
623.600006104 C 9 81
531.700134277 C 18 81
522.599935532 C 7 81
506.999969482 C 10 81
882.20000267 C 13 81
1034.60001945 C 5 81
2010.9000206 C 15 81
511.500120163 C 16 81
669.600009918 C 12 81
527.600049973 C 6 81
1467.90003777 C 17 81
2625.20003319 C 2 81
688.199996948 C 14 81
473.500013351 C 4 81
451.999902725 C 11 81
399.399995804 C 3 81
1041.89991951 C 8 81
790.799856186 C 1 81
611.200094223 C 9 82
464.799880981 C 18 82
490.099906921 C 7 82
1237.49995232 C 10 82
735.100030899 C 13 82
596.499919891 C 5 82
949.199914932 C 15 82
590.99984169 C 16 82
594.199895859 C 12 82
439.899921417 C 6 82
1278.89990807 C 17 82
3255.69987297 C 2 82
527.400016785 C 14 82
480.90004921 C 4 82
407.999992371 C 11 82
414.499998093 C 3 82
480.199813843 C 8 82
1315.60015678 C 1 82
562.100172043 C 9 83
455.300092697 C 18 83
498.899936676 C 7 83
3131.00004196 C 10 83
676.300048828 C 13 83
483.199834824 C 5 83
576.500177383 C 15 83
767.100095749 C 16 83
2254.29987907 C 12 83
439.0001297 C 6 83
1213.4001255 C 17 83
3831.70008659 C 2 83
620.900154114 C 14 83
509.900093079 C 4 83
679.799795151 C 11 83
390.599966049 C 3 83
509.999990463 C 8 83
947.400093079 C 1 83
608.90007019 C 9 84
490.400075912 C 18 84
609.899997711 C 7 84
676.800012589 C 10 84
745.599985123 C 13 84
603.000164032 C 5 84
895.399808884 C 15 84
616.100072861 C 16 84
687.700033188 C 12 84
401.400089264 C 6 84
1208.19997787 C 17 84
2801.00011826 C 2 84
635.200023651 C 14 84
453.999996185 C 4 84
869.400024414 C 11 84
410.500049591 C 3 84
810.099840164 C 8 84
857.199907303 C 1 84
601.400136948 C 9 85
450.999975204 C 18 85
493.700027466 C 7 85
474.499940872 C 10 85
574.89991188 C 13 85
686.199903488 C 5 85
600.300073624 C 15 85
1028.89990807 C 16 85
633.899927139 C 12 85
380.900144577 C 6 85
674.999952316 C 17 85
2377.79998779 C 2 85
956.200122833 C 14 85
547.09982872 C 4 85
920.000076294 C 11 85
476.799964905 C 3 85
736.199855804 C 8 85
674.09992218 C 1 85
2077.69989967 C 9 86
626.800060272 C 18 86
573.499917984 C 7 86
437.200069427 C 10 86
492.79999733 C 13 86
1044.20018196 C 5 86
874.600172043 C 15 86
874.300003052 C 16 86
2168.80011559 C 12 86
746.700048447 C 6 86
728.600025177 C 17 86
1730.09991646 C 2 86
919.300079346 C 14 86
447.39985466 C 4 86
897.500038147 C 11 86
443.599939346 C 3 86
1004.1000843 C 8 86
915.500164032 C 1 86
821.099996567 C 9 87
440.299987793 C 18 87
502.50005722 C 7 87
537.600040436 C 10 87
804.099798203 C 13 87
661.199808121 C 5 87
777.699947357 C 15 87
918.699979782 C 16 87
1782.99999237 C 12 87
372.299909592 C 6 87
526.700019836 C 17 87
798.59995842 C 2 87
1609.40003395 C 14 87
524.100065231 C 4 87
595.00002861 C 11 87
452.199935913 C 3 87
745.400190353 C 8 87
1203.59992981 C 1 87
451.699972153 C 9 88
447.900056839 C 18 88
452.300071716 C 7 88
454.300165176 C 10 88
524.899959564 C 13 88
456.900119781 C 5 88
1615.89980125 C 15 88
923.600196838 C 16 88
1247.60007858 C 12 88
360.999822617 C 6 88
505.500078201 C 17 88
2090.09981155 C 2 88
1025.89988708 C 14 88
477.499961853 C 4 88
449.699878693 C 11 88
432.80005455 C 3 88
863.800048828 C 8 88
909.299850464 C 1 88
526.900053024 C 9 89
459.700107574 C 18 89
565.69981575 C 7 89
565.799951553 C 10 89
616.800069809 C 13 89
1150.09999275 C 5 89
1649.60002899 C 15 89
594.799995422 C 16 89
1378.10015678 C 12 89
422.399997711 C 6 89
642.199993134 C 17 89
3707.70001411 C 2 89
688.299894333 C 14 89
480.800151825 C 4 89
1593.50013733 C 11 89
584.700107574 C 3 89
708.699941635 C 8 89
980.800151825 C 1 89
603.399991989 C 9 90
482.800006866 C 18 90
460.299968719 C 7 90
537.000179291 C 10 90
566.799879074 C 13 90
604.000091553 C 5 90
713.099956512 C 15 90
538.499832153 C 16 90
1722.70011902 C 12 90
324.099779129 C 6 90
548.199892044 C 17 90
1518.69988441 C 2 90
806.900024414 C 14 90
493.900060654 C 4 90
2150.7999897 C 11 90
466.200113297 C 3 90
607.499837875 C 8 90
2311.19990349 C 1 90
825.099945068 C 9 91
669.099807739 C 18 91
494.199991226 C 7 91
391.299962997 C 10 91
621.999979019 C 13 91
1801.7001152 C 5 91
627.00009346 C 15 91
805.599927902 C 16 91
926.599979401 C 12 91
316.400051117 C 6 91
994.199991226 C 17 91
3489.30001259 C 2 91
693.300008774 C 14 91
489.099979401 C 4 91
513.299942017 C 11 91
400.599956512 C 3 91
389.59980011 C 8 91
3816.99991226 C 1 91
894.900083542 C 9 92
993.899822235 C 18 92
479.300022125 C 7 92
896.700143814 C 10 92
731.500148773 C 13 92
808.300018311 C 5 92
1381.09993935 C 15 92
652.80008316 C 16 92
1023.39982986 C 12 92
524.799823761 C 6 92
1225.39997101 D 17 92
2675.59981346 C 2 92
782.999992371 C 14 92
443.500041962 C 4 92
546.099901199 C 11 92
434.799909592 C 3 92
882.700204849 C 8 92
2479.20012474 C 1 92
644.999980927 C 9 93
1049.90005493 C 18 93
434.200048447 C 7 93
2856.90021515 C 10 93
881.500005722 C 13 93
511.89994812 C 5 93
693.199872971 C 15 93
874.50003624 C 16 93
882.20000267 C 12 93
915.799856186 C 6 93
1423.39992523 C 17 93
2258.70013237 C 2 93
679.099798203 C 14 93
433.300018311 C 4 93
510.100126266 C 11 93
407.700061798 C 3 93
1433.30001831 C 8 93
1129.70018387 C 1 93
551.300048828 C 9 94
562.299966812 C 18 94
493.599891663 C 7 94
514.500141144 C 10 94
661.499977112 C 13 94
545.700073242 C 5 94
1264.40000534 C 15 94
544.300079346 C 16 94
981.800079346 C 12 94
431.699991226 C 6 94
1683.00008774 D 17 94
1954.79989052 C 2 94
699.89991188 C 14 94
472.700119019 C 4 94
1430.79996109 C 11 94
513.90004158 C 3 94
2605.59988022 C 8 94
630.19990921 C 1 94
526.100158691 C 9 95
528.000116348 C 18 95
541.700124741 C 7 95
501.399993896 C 10 95
1243.49999428 C 13 95
592.100143433 C 5 95
625.100135803 C 15 95
447.39985466 C 16 95
4093.40000153 C 12 95
3822.29995728 C 6 95
1175.89998245 C 17 95
819.900035858 D 2 95
971.200227737 C 14 95
493.999958038 C 4 95
1095.79992294 C 11 95
477.699995041 C 3 95
907.099962234 C 8 95
706.700086594 C 1 95
518.800020218 C 9 96
901.700019836 C 18 96
476.300001144 C 7 96
485.199928284 C 10 96
582.700014114 C 13 96
883.399963379 C 5 96
810.300111771 C 15 96
755.500078201 C 16 96
2692.19994545 C 12 96
834.599971771 C 6 96
1310.49990654 D 17 96
1434.79990959 D 2 96
784.600019455 C 14 96
531.800031662 C 4 96
819.299936295 C 11 96
490.000009537 C 3 96
660.099983215 C 8 96
786.499977112 C 1 96
610.300064087 C 9 97
1039.39986229 C 18 97
447.900056839 C 7 97
723.000049591 C 10 97
532.999992371 C 13 97
590.699911118 C 5 97
1312.59989738 C 15 97
793.999910355 C 16 97
1783.49995613 C 12 97
378.50022316 C 6 97
1420.39990425 C 17 97
2072.20005989 C 2 97
660.000085831 C 14 97
496.200084686 C 4 97
1111.99998856 C 11 97
428.300142288 C 3 97
2327.60000229 C 8 97
856.40001297 C 1 97
499.200105667 C 9 98
544.899940491 C 18 98
423.699855804 C 7 98
547.700166702 C 10 98
601.099967957 C 13 98
588.099956512 C 5 98
866.999864578 C 15 98
422.499895096 C 16 98
514.400005341 C 12 98
535.599946976 C 6 98
1216.69983864 D 17 98
2212.10002899 C 2 98
859.400033951 C 14 98
495.30005455 C 4 98
740.000009537 C 11 98
434.99994278 C 3 98
911.599874496 C 8 98
696.900129318 C 1 98
623.500108719 C 9 99
553.200006485 C 18 99
456.799983978 C 7 99
430.199861526 C 10 99
635.600090027 C 13 99
513.399839401 C 5 99
3484.89999771 C 15 99
456.59995079 C 16 99
463.500022888 C 12 99
410.799980164 C 6 99
1147.69983292 C 17 99
938.299894333 C 2 99
516.899824142 C 14 99
435.799837112 C 4 99
427.299976349 C 11 99
1216.59994125 C 3 99
648.499965668 C 8 99
1131.79993629 C 1 99
767.09985733 C 9 100
490.300178528 C 18 100
408.699989319 C 7 100
433.900117874 C 10 100
724.600076675 C 13 100
621.299982071 C 5 100
2836.59982681 C 15 100
697.700023651 C 16 100
465.30008316 C 12 100
361.800193787 C 6 100
689.50009346 D 17 100
783.100128174 D 2 100
694.000005722 C 14 100
453.40013504 C 4 100
764.800071716 C 11 100
916.299819946 C 3 100
3275.9001255 C 8 100
722.200155258 C 1 100
