round user time_start time_end time_php time_js
1 usuario16 1462965578.69 1462965567.31 -11381.9999695 16623
1 usuario15 1462965579.01 1462965562.11 -16897.5999355 11742
1 usuario12 1462965579.17 1462965562.63 -16532.2999954 12445
1 usuario3 1462965579.42 1462965555.67 -23748.9998341 5514
1 usuario14 1462965579.03 1462965558.31 -20710.5000019 7878
1 usuario13 1462965578.72 1462965558.07 -20646.999836 7527
1 usuario6 1462965578.9 1462965556.2 -22705.6000233 6474
1 usuario1 1462965578.92 1462965558.31 -20616.6000366 7946
1 usuario10 1462965579.28 1462965579.25 -26.9999504089 29419
1 usuario2 1462965578.83 1462965560.23 -18599.9000072 9885
1 usuario8 1462965578.7 1462965557.02 -21675.0998497 6630
1 usuario5 1462965579.33 1462965560.65 -18681.899786 10908
1 usuario7 1462965579.36 1462965564.89 -14467.799902 15030
1 usuario9 1462965579.61 1462965553.81 -25799.3998528 3381
1 usuario11 1462965579.04 1462965558.18 -20857.1999073 8316
1 usuario4 1462965578.95 1462965554.2 -24742.5000668 4575
2 usuario16 1462965618.6 1462965595.89 -22707.100153 16135
2 usuario15 1462965618.1 1462965618.06 -31.800031662 37955
2 usuario12 1462965617.82 1462965595.11 -22706.6998482 14886
2 usuario3 1462965618.47 1462965598.83 -19645.8001137 18315
2 usuario14 1462965618.54 1462965609.24 -9306.29992485 29157
2 usuario13 1462965618.36 1462965602.88 -15485.5999947 23098
2 usuario6 1462965618.37 1462965591.59 -26785.0000858 11625
2 usuario1 1462965617.6 1462965590.74 -26864.700079 10751
2 usuario10 1462965618.26 1462965594.53 -23730.2000523 14183
2 usuario2 1462965617.84 1462965599.27 -18571.7999935 19376
2 usuario8 1462965617.83 1462965588.62 -29210.9000683 8847
2 usuario5 1462965618.53 1462965601.94 -16596.6999531 21545
2 usuario7 1462965617.9 1462965609.64 -8267.40002632 29217
2 usuario9 1462965618.67 1462965597.02 -21649.8999596 16320
2 usuario11 1462965617.93 1462965590.64 -27282.1002007 10473
2 usuario4 1462965617.85 1462965586.9 -30951.0998726 6858
3 usuario16 1462965647.54 1462965631.03 -16509.0000629 11368
3 usuario15 1462965647.43 1462965634.77 -12660.4001522 15582
3 usuario12 1462965647.14 1462965630.42 -16723.400116 11536
3 usuario3 1462965647.12 1462965641.93 -5191.10012054 22394
3 usuario14 1462965646.77 1462965635.4 -11365.9000397 15789
3 usuario13 1462965646.88 1462965624.09 -22785.900116 4668
3 usuario6 1462965646.94 1462965626.32 -20619.300127 6880
3 usuario1 1462965647.32 1462965628.75 -18568.2001114 10028
3 usuario10 1462965647.72 1462965640.46 -7259.90009308 21140
3 usuario2 1462965647.66 1462965631.15 -16512.5000477 12246
3 usuario8 1462965646.87 1462965627.26 -19608.9999676 8370
3 usuario5 1462965647.66 1462965635.21 -12449.4998455 15616
3 usuario7 1462965647.4 1462965647.36 -31.9998264313 28399
3 usuario9 1462965647.24 1462965642.04 -5199.99980927 22295
3 usuario11 1462965647.66 1462965628.94 -18720.7000256 9894
3 usuario4 1462965647.19 1462965625.44 -21745.8000183 6530
4 usuario16 1462965679.62 1462965661.05 -18573.5001564 12448
4 usuario15 1462965679.4 1462965676.21 -3181.40006065 27675
4 usuario12 1462965679.49 1462965672.24 -7255.30004501 24032
4 usuario3 1462965678.91 1462965671.67 -7244.19999123 23493
4 usuario14 1462965679.19 1462965679.15 -40.6000614166 31320
4 usuario13 1462965679.67 1462965654.92 -24750.6000996 6978
4 usuario6 1462965678.95 1462965659.35 -19605.4000854 11352
4 usuario1 1462965679.39 1462965664.94 -14450.4001141 16563
4 usuario10 1462965678.85 1462965677.76 -1091.60017967 28984
4 usuario2 1462965679.6 1462965677.49 -2112.10012436 28763
4 usuario8 1462965679.16 1462965663.67 -15489.1998768 15743
4 usuario5 1462965679.19 1462965660.51 -18672.5001335 11797
4 usuario7 1462965679.07 1462965674.89 -4183.09998512 26411
4 usuario9 1462965679.21 1462965656.54 -22670.5000401 8204
4 usuario11 1462965679.09 1462965661.46 -17634.0000629 12731
4 usuario4 1462965678.83 1462965659.23 -19602.2000313 10982
5 usuario16 1462965712.13 1462965690.47 -21654.9999714 9790
5 usuario15 1462965712.56 1462965704.11 -8455.49988747 23602
5 usuario12 1462965711.87 1462965705.65 -6222.00012207 25097
5 usuario3 1462965712.02 1462965707.85 -4166.99981689 27875
5 usuario14 1462965712.08 1462965699.67 -12412.0001793 19401
5 usuario13 1462965712.49 1462965683.56 -28928.6999702 2835
5 usuario6 1462965711.83 1462965686.07 -25766.4000988 6055
5 usuario1 1462965712.41 1462965692.83 -19584.3999386 12371
5 usuario10 1462965711.96 1462965702.66 -9305.79996109 22744
5 usuario2 1462965712.25 1462965712.22 -36.4999771118 31547
5 usuario8 1462965712.32 1462965698.87 -13445.100069 18640
5 usuario5 1462965712.09 1462965698.6 -13485.699892 18353
5 usuario7 1462965712.15 1462965700.78 -11368.7999249 20646
5 usuario9 1462965712.72 1462965697.16 -15564.9001598 16886
5 usuario11 1462965712.29 1462965690.54 -21749.5999336 10385
5 usuario4 1462965712.12 1462965699.71 -12410.1998806 19818
6 usuario16 1462965740.42 1462965721.78 -18646.299839 8589
6 usuario15 1462965740.4 1462965734.05 -6358.5999012 20359
6 usuario12 1462965740.01 1462965727.6 -12404.7999382 14668
6 usuario3 1462965740.68 1462965723.08 -17596.0998535 10003
6 usuario14 1462965740.35 1462965733.1 -7258.99982452 19953
6 usuario13 1462965740.13 1462965717.4 -22726.4001369 3855
6 usuario6 1462965740.37 1462965721.78 -18588.2999897 7857
6 usuario1 1462965740.23 1462965722.69 -17537.7001762 9218
6 usuario10 1462965740.08 1462965734.89 -5195.39999962 21864
6 usuario2 1462965740.63 1462965723.08 -17544.0001488 9715
6 usuario8 1462965740.84 1462965734.61 -6230.79991341 21233
6 usuario5 1462965740.21 1462965722.47 -17739.6998405 9318
6 usuario7 1462965740.13 1462965740.11 -29.5000076294 26899
6 usuario9 1462965740.06 1462965721.45 -18603.8000584 7669
6 usuario11 1462965740.46 1462965720.29 -20174.0000248 6919
6 usuario4 1462965740.36 1462965719.73 -20631.9999695 6556
7 usuario16 1462965769.22 1462965745.34 -23877.7000904 3862
7 usuario15 1462965769.59 1462965765.33 -4262.79997826 23774
7 usuario12 1462965769.31 1462965751.78 -17537.8000736 10709
7 usuario3 1462965769.38 1462965755.94 -13439.800024 14204
7 usuario14 1462965769.84 1462965763.61 -6226.99999809 22204
7 usuario13 1462965769.4 1462965750.82 -18582.7000141 9594
7 usuario6 1462965769.23 1462965758.89 -10341.0999775 17467
7 usuario1 1462965769.55 1462965756.12 -13434.9999428 14825
7 usuario10 1462965769.88 1462965766.74 -3139.10007477 25595
7 usuario2 1462965769.59 1462965761.3 -8290.99988937 19609
7 usuario8 1462965769.62 1462965758.26 -11362.8001213 16359
7 usuario5 1462965768.97 1462965751.32 -17654.5000076 9997
7 usuario7 1462965769.03 1462965768.99 -36.2000465393 27776
7 usuario9 1462965769.95 1462965752.43 -17522.4001408 11311
7 usuario11 1462965769.08 1462965751.45 -17623.3000755 9930
7 usuario4 1462965769.53 1462965750.97 -18562.4001026 9545
8 usuario16 1462965798.59 1462965781.04 -17545.1998711 10759
8 usuario15 1462965798.8 1462965796.64 -2156.59999847 25962
8 usuario12 1462965798.26 1462965791.01 -7251.60002708 20636
8 usuario3 1462965798.93 1462965790.63 -8302.00004578 20193
8 usuario14 1462965798.26 1462965791.01 -7253.40008736 20106
8 usuario13 1462965798.03 1462965772.21 -25818.500042 1752
8 usuario6 1462965798.33 1462965779.74 -18591.1002159 9440
8 usuario1 1462965798.52 1462965780.97 -17550.8999825 10360
8 usuario10 1462965798.57 1462965777.87 -20695.0998306 6935
8 usuario2 1462965798.63 1462965792.42 -6217.00000763 21768
8 usuario8 1462965798.66 1462965794.5 -4162.49990463 23806
8 usuario5 1462965798.56 1462965772.45 -26113.0001545 2411
8 usuario7 1462965798.66 1462965798.63 -36.0999107361 28511
8 usuario9 1462965798.14 1462965785.73 -12411.7999077 14718
8 usuario11 1462965798.29 1462965775.47 -22818.8998699 5317
8 usuario4 1462965798.2 1462965777.57 -20629.3001175 6970
9 usuario16 1462965827.89 1462965806.18 -21719.3000317 6522
9 usuario15 1462965827.28 1462965826.19 -1095.99995613 26286
9 usuario12 1462965827.8 1462965810.26 -17541.3999557 10931
9 usuario3 1462965827.12 1462965827.08 -34.3000888824 27085
9 usuario14 1462965827.41 1462965816.05 -11358.0999374 16727
9 usuario13 1462965827.73 1462965806.07 -21657.6001644 5952
9 usuario6 1462965827.94 1462965810.41 -17539.7999287 11014
9 usuario1 1462965827.1 1462965808.54 -18558.8998795 8959
9 usuario10 1462965827.17 1462965827.14 -33.3998203278 27508
9 usuario2 1462965827.99 1462965817.64 -10346.0998535 17947
9 usuario8 1462965827.91 1462965804.19 -23715.3000832 4473
9 usuario5 1462965827.52 1462965808.84 -18673.2001305 9224
9 usuario7 1462965827.42 1462965827.39 -33.2000255585 27642
9 usuario9 1462965827.16 1462965811.7 -15460.4001045 12498
9 usuario11 1462965827.56 1462965810.94 -16620.3000546 11585
9 usuario4 1462965828.05 1462965808.46 -19592.4999714 9184
10 usuario16 1462965857.56 1462965843.11 -14458.4000111 14074
10 usuario15 1462965828.33 1462965858.13 29800.2998829 29753
10 usuario12 1462965857.84 1462965839.26 -18583.2998753 10392
10 usuario3 1462965857.66 1462965845.22 -12440.0999546 17016
10 usuario14 1462965858.15 1462965834.37 -23777.1000862 5900
10 usuario13 1462965858.02 1462965843.56 -14458.5001469 14762
10 usuario6 1462965857.43 1462965839.89 -17535.599947 10885
10 usuario1 1462965857.34 1462965837.72 -19613.699913 9559
10 usuario10 1462965857.51 1462965852.31 -5202.5001049 24059
10 usuario2 1462965857.65 1462965845.24 -12410.3000164 16195
10 usuario8 1462965857.33 1462965835.67 -21667.7000523 6699
10 usuario5 1462965858.01 1462965835.15 -22859.4999313 6572
10 usuario7 1462965857.27 1462965844.89 -12382.6999664 16384
10 usuario9 1462965857.31 1462965845.96 -11355.8001518 17738
10 usuario11 1462965857.48 1462965834.68 -22804.199934 6058
10 usuario4 1462965857.62 1462965837.93 -19688.2998943 8819
11 usuario16 1462965884.77 1462965873.4 -11370.2001572 14740
11 usuario15 1462965884.27 1462965869.36 -14907.200098 11118
11 usuario12 1462965884.94 1462965874.61 -10323.9998817 15675
11 usuario3 1462965884.64 1462965871.22 -13422.7001667 12382
11 usuario14 1462965885.01 1462965884.98 -31.200170517 25745
11 usuario13 1462965884.44 1462965872.05 -12397.8998661 12931
11 usuario6 1462965884.85 1462965866.3 -18550.4999161 7785
11 usuario1 1462965884.94 1462965867.41 -17535.0999832 8975
11 usuario10 1462965884.59 1462965883.51 -1084.89990234 24906
11 usuario2 1462965884.56 1462965872.17 -12384.3998909 13454
11 usuario8 1462965884.33 1462965867.8 -16524.3999958 9381
11 usuario5 1462965885.24 1462965869.4 -15840.3999805 10273
11 usuario7 1462965884.45 1462965879.26 -5195.9002018 20900
11 usuario9 1462965884.65 1462965873.26 -11391.299963 14889
11 usuario11 1462965885.06 1462965863.25 -21815.9999847 4689
11 usuario4 1462965884.45 1462965867.95 -16507.8001022 9261
12 usuario16 1462965912.67 1462965903.33 -9341.09997749 17498
12 usuario15 1462965913.26 1462965909.01 -4249.09996986 23616
12 usuario12 1462965912.69 1462965898.25 -14441.9000149 12249
12 usuario3 1462965912.49 1462965912.46 -25.3000259399 26752
12 usuario14 1462965913.19 1462965891.51 -21681.4000607 5419
12 usuario13 1462965912.91 1462965889.17 -23736.000061 3662
12 usuario6 1462965912.6 1462965897.11 -15483.8001728 11202
12 usuario1 1462965912.63 1462965905.39 -7245.39995193 19386
12 usuario10 1462965913.12 1462965909.98 -3141.49999619 24328
12 usuario2 1462965912.93 1462965901.55 -11375.1001358 15942
12 usuario8 1462965912.68 1462965897.17 -15503.6001205 11776
12 usuario5 1462965912.69 1462965890.91 -21779.2999744 4621
12 usuario7 1462965912.77 1462965912.73 -34.4998836517 27221
12 usuario9 1462965912.76 1462965897.28 -15486.000061 11539
12 usuario11 1462965913.1 1462965889.14 -23953.799963 3022
12 usuario4 1462965912.49 1462965894.94 -17546.599865 9392
13 usuario16 1462965947.26 1462965921.39 -25864.9001122 7655
13 usuario15 1462965947.28 1462965947.24 -45.4001426697 32854
13 usuario12 1462965946.86 1462965929.31 -17541.3000584 15562
13 usuario3 1462965947.32 1462965925.6 -21717.5998688 12031
13 usuario14 1462965947.04 1462965920.24 -26798.7000942 5987
13 usuario13 1462965947.13 1462965916.1 -31026.7999172 2126
13 usuario6 1462965946.54 1462965924.87 -21679.899931 11205
13 usuario1 1462965946.85 1462965918.0 -28843.8999653 4311
13 usuario10 1462965946.82 1462965926.1 -20713.0000591 11917
13 usuario2 1462965947.05 1462965927.42 -19632.4999332 13435
13 usuario8 1462965947.14 1462965930.64 -16499.5999336 16903
13 usuario5 1462965946.47 1462965922.62 -23848.7000465 8864
13 usuario7 1462965946.68 1462965919.91 -26771.3999748 6058
13 usuario9 1462965946.88 1462965931.39 -15488.1000519 17563
13 usuario11 1462965946.96 1462965924.2 -22763.1001472 9956
13 usuario4 1462965946.53 1462965917.64 -28893.3999538 4094
14 usuario16 1462965969.59 1462965959.26 -10335.2999687 10868
14 usuario15 1462965969.38 1462965961.96 -7424.99995232 13570
14 usuario12 1462965969.8 1462965956.39 -13411.7000103 8479
14 usuario3 1462965969.88 1462965959.54 -10343.5001373 11166
14 usuario14 1462965970.28 1462965954.79 -15490.0000095 6685
14 usuario13 1462965969.46 1462965949.82 -19634.4001293 1634
14 usuario6 1462965970.28 1462965952.75 -17526.5002251 5144
14 usuario1 1462965969.7 1462965957.33 -12374.699831 9424
14 usuario10 1462965969.67 1462965955.21 -14452.1999359 7338
14 usuario2 1462965969.7 1462965969.66 -34.3999862671 21544
14 usuario8 1462965970.14 1462965951.57 -18563.5998249 3378
14 usuario5 1462965970.12 1462965954.46 -15656.5999985 6918
14 usuario7 1462965970.18 1462965966.01 -4167.2000885 18270
14 usuario9 1462965969.39 1462965951.82 -17576.3001442 3860
14 usuario11 1462965970.12 1462965954.55 -15572.3001957 6527
14 usuario4 1462965969.62 1462965956.19 -13431.2000275 8600
15 usuario16 1462965996.99 1462965985.62 -11371.9000816 14962
15 usuario15 1462965997.31 1462965994.13 -3183.89987946 23583
15 usuario12 1462965996.49 1462965978.95 -17537.1999741 8086
15 usuario3 1462965996.59 1462965996.56 -27.8000831604 25615
15 usuario14 1462965997.38 1462965977.79 -19587.6998901 6447
15 usuario13 1462965996.65 1462965974.9 -21745.3000546 4385
15 usuario6 1462965997.39 1462965975.68 -21714.400053 4333
15 usuario1 1462965997.06 1462965976.39 -20679.1000366 5621
15 usuario10 1462965996.62 1462965978.06 -18557.199955 7334
15 usuario2 1462965997.42 1462965988.12 -9300.5001545 17333
15 usuario8 1462965996.45 1462965973.79 -22665.599823 2594
15 usuario5 1462965996.72 1462965975.94 -20781.0001373 4700
15 usuario7 1462965996.96 1462965986.62 -10339.9000168 15380
15 usuario9 1462965997.32 1462965976.68 -20641.0000324 5203
15 usuario11 1462965997.18 1462965979.47 -17706.8998814 8285
15 usuario4 1462965997.02 1462965972.28 -24737.3998165 1601
16 usuario16 1462966023.84 1462966010.41 -13424.8998165 12360
16 usuario15 1462966024.1 1462966024.07 -27.1999835968 25641
16 usuario12 1462966023.91 1462966006.36 -17546.9999313 8811
16 usuario3 1462966023.96 1462966023.92 -37.6999378204 26240
16 usuario14 1462966024.03 1462966002.37 -21657.200098 3932
16 usuario13 1462966023.88 1462966008.38 -15505.699873 10657
16 usuario6 1462966024.43 1462966002.78 -21655.6999683 4321
16 usuario1 1462966023.54 1462966015.26 -8276.20005608 17133
16 usuario10 1462966023.96 1462966001.29 -22671.200037 3608
16 usuario2 1462966023.78 1462966005.21 -18570.2998638 6725
16 usuario8 1462966024.19 1462966005.64 -18550.8999825 8122
16 usuario5 1462966024.14 1462966000.19 -23944.7000027 2407
16 usuario7 1462966023.62 1462966012.23 -11381.2000751 14216
16 usuario9 1462966024.14 1462966002.42 -21720.3998566 4035
16 usuario11 1462966023.96 1462966011.55 -12419.1000462 13300
16 usuario4 1462966024.39 1462966005.83 -18561.5999699 7743
17 usuario16 1462966050.74 1462966036.3 -14437.9999638 11405
17 usuario15 1462966051.39 1462966041.86 -9525.89988708 16661
17 usuario12 1462966050.92 1462966036.38 -14538.20014 11416
17 usuario3 1462966051.06 1462966042.68 -8381.99996948 17636
17 usuario14 1462966051.26 1462966028.55 -22703.799963 3470
17 usuario13 1462966051.25 1462966032.64 -18607.5999737 7692
17 usuario6 1462966051.11 1462966032.54 -18577.5001049 7045
17 usuario1 1462966051.22 1462966030.49 -20727.699995 5897
17 usuario10 1462966050.62 1462966050.59 -34.6999168396 25568
17 usuario2 1462966051.02 1462966033.48 -17536.2000465 8621
17 usuario8 1462966051.0 1462966039.61 -11387.1998787 14358
17 usuario5 1462966050.74 1462966026.86 -23875.6000996 1669
17 usuario7 1462966051.42 1462966026.58 -24848.1998444 1903
17 usuario9 1462966051.08 1462966031.48 -19605.1001549 6275
17 usuario11 1462966050.89 1462966026.96 -23931.0998917 1940
17 usuario4 1462966050.81 1462966032.25 -18552.200079 6799
18 usuario16 1462966073.64 1462966055.03 -18610.699892 3232
18 usuario15 1462966073.95 1462966068.64 -5312.09993362 16112
18 usuario12 1462966074.48 1462966057.98 -16505.1000118 5994
18 usuario3 1462966074.02 1462966061.65 -12376.3999939 9526
18 usuario14 1462966074.52 1462966066.21 -8305.29999733 13897
18 usuario13 1462966074.1 1462966054.49 -19610.3000641 2158
18 usuario6 1462966073.82 1462966057.3 -16523.8001347 5116
18 usuario1 1462966073.98 1462966058.51 -15466.9001102 6229
18 usuario10 1462966074.02 1462966056.48 -17532.7999592 4774
18 usuario2 1462966073.8 1462966073.78 -28.2001495361 21695
18 usuario8 1462966073.99 1462966057.45 -16544.0998077 5390
18 usuario5 1462966074.4 1462966053.57 -20835.2000713 1759
18 usuario7 1462966073.95 1462966055.39 -18560.8999729 2912
18 usuario9 1462966074.08 1462966058.59 -15495.000124 6437
18 usuario11 1462966073.65 1462966058.07 -15586.4999294 6091
18 usuario4 1462966073.77 1462966054.15 -19621.5999126 2286
19 usuario16 1462966094.21 1462966076.66 -17550.2998829 1955
19 usuario15 1462966094.11 1462966094.06 -50.8000850677 18986
19 usuario12 1462966094.34 1462966079.88 -14461.6000652 4341
19 usuario3 1462966093.92 1462966088.73 -5191.59984589 13641
19 usuario14 1462966094.6 1462966093.52 -1074.89991188 17945
19 usuario13 1462966094.24 1462966078.75 -15486.2999916 3590
19 usuario6 1462966093.86 1462966082.47 -11392.4000263 7588
19 usuario1 1462966094.66 1462966082.26 -12401.7999172 7214
19 usuario10 1462966094.25 1462966089.05 -5201.20000839 13978
19 usuario2 1462966094.26 1462966076.61 -17647.9997635 1726
19 usuario8 1462966094.3 1462966093.23 -1076.99990273 18170
19 usuario5 1462966094.05 1462966077.32 -16721.6999531 1864
19 usuario7 1462966094.14 1462966076.61 -17533.4999561 1599
19 usuario9 1462966094.65 1462966084.31 -10340.10005 9170
19 usuario11 1462966093.96 1462966079.5 -14459.0001106 4781
19 usuario4 1462966093.75 1462966079.31 -14441.2000179 4483
20 usuario16 1462966119.09 1462966099.45 -19640.900135 4173
20 usuario15 1462966119.51 1462966105.65 -13862.6000881 10434
20 usuario12 1462966119.42 1462966100.83 -18585.0999355 5424
20 usuario3 1462966119.58 1462966119.55 -33.7998867035 24576
20 usuario14 1462966118.97 1462966100.4 -18570.3999996 4744
20 usuario13 1462966119.08 1462966102.56 -16522.5000381 7250
20 usuario6 1462966119.58 1462966099.78 -19801.6002178 4855
20 usuario1 1462966118.89 1462966106.38 -12506.4001083 10659
20 usuario10 1462966119.06 1462966098.41 -20652.1999836 3083
20 usuario2 1462966119.22 1462966109.9 -9327.60000229 14570
20 usuario8 1462966119.53 1462966104.02 -15508.1999302 8646
20 usuario5 1462966119.66 1462966097.84 -21818.5999393 2741
20 usuario7 1462966118.77 1462966097.1 -21671.4999676 1901
20 usuario9 1462966118.84 1462966111.59 -7248.90017509 15873
20 usuario11 1462966119.66 1462966098.85 -20808.7000847 3826
20 usuario4 1462966119.19 1462966097.41 -21777.4999142 2595
21 usuario16 1462966135.14 1462966122.73 -12407.7999592 2573
21 usuario15 1462966134.78 1462966126.26 -8517.19999313 5643
21 usuario12 1462966134.91 1462966127.65 -7256.29997253 7161
21 usuario3 1462966134.84 1462966126.55 -8286.7000103 5889
21 usuario14 1462966135.12 1462966133.01 -2106.19997978 12974
21 usuario13 1462966134.85 1462966122.41 -12441.4999485 2255
21 usuario6 1462966135.09 1462966135.06 -32.7000617981 14402
21 usuario1 1462966135.43 1462966131.27 -4161.09991074 11315
21 usuario10 1462966135.38 1462966130.19 -5188.69996071 10067
21 usuario2 1462966135.6 1462966132.45 -3148.10013771 12162
21 usuario8 1462966135.09 1462966129.89 -5201.60007477 9292
21 usuario5 1462966135.32 1462966122.85 -12468.5001373 2123
21 usuario7 1462966134.75 1462966127.5 -7253.79991531 7653
21 usuario9 1462966135.59 1462966127.3 -8288.69986534 7392
21 usuario11 1462966135.6 1462966127.28 -8316.40005112 6548
21 usuario4 1462966135.29 1462966122.89 -12408.9999199 2628
22 usuario16 1462966152.61 1462966139.15 -13455.7001591 2931
22 usuario15 1462966151.9 1462966150.78 -1113.39998245 14896
22 usuario12 1462966152.55 1462966150.44 -2107.69987106 14470
22 usuario3 1462966152.42 1462966147.22 -5198.89998436 11322
22 usuario14 1462966151.81 1462966142.45 -9362.79988289 6268
22 usuario13 1462966152.54 1462966138.08 -14461.0998631 2163
22 usuario6 1462966152.44 1462966142.05 -10383.699894 5885
22 usuario1 1462966152.45 1462966146.23 -6218.30010414 9743
22 usuario10 1462966152.19 1462966139.81 -12383.8999271 3369
22 usuario2 1462966151.98 1462966146.72 -5262.89987564 10060
22 usuario8 1462966152.33 1462966143.0 -9332.70001411 6854
22 usuario5 1462966151.81 1462966138.18 -13636.8000507 1801
22 usuario7 1462966152.64 1462966138.07 -14566.8997765 2258
22 usuario9 1462966151.85 1462966151.81 -35.3999137878 15156
22 usuario11 1462966152.4 1462966143.02 -9376.29985809 6344
22 usuario4 1462966151.98 1462966138.4 -13576.9000053 2042
23 usuario16 1462966165.38 1462966156.07 -9307.50012398 2408
23 usuario15 1462966165.5 1462966164.4 -1101.90010071 11382
23 usuario12 1462966164.82 1462966157.56 -7267.50016212 3953
23 usuario3 1462966165.75 1462966160.55 -5194.60010529 7072
23 usuario14 1462966165.3 1462966157.04 -8263.99993896 4169
23 usuario13 1462966165.56 1462966157.27 -8285.49981117 3668
23 usuario6 1462966165.77 1462966158.52 -7244.99988556 5029
23 usuario1 1462966165.45 1462966161.29 -4160.3000164 7784
23 usuario10 1462966165.63 1462966165.6 -28.8000106812 12343
23 usuario2 1462966165.6 1462966163.5 -2098.29998016 10448
23 usuario8 1462966165.71 1462966160.53 -5183.70008469 7136
23 usuario5 1462966165.76 1462966155.36 -10399.4998932 2417
23 usuario7 1462966165.1 1462966156.82 -8275.09999275 3126
23 usuario9 1462966165.28 1462966161.11 -4169.19994354 8189
23 usuario11 1462966165.38 1462966159.15 -6231.40001297 5685
23 usuario4 1462966165.44 1462966160.26 -5187.99996376 7218
24 usuario16 1462966183.34 1462966176.08 -7258.30006599 9610
24 usuario15 1462966182.97 1462966182.92 -49.0999221802 16334
24 usuario12 1462966183.66 1462966173.32 -10345.9999561 6333
24 usuario3 1462966183.55 1462966173.23 -10327.1000385 6382
24 usuario14 1462966183.73 1462966168.23 -15495.1000214 1877
24 usuario13 1462966183.02 1462966170.6 -12420.5999374 3985
24 usuario6 1462966183.04 1462966170.51 -12530.0002098 3682
24 usuario1 1462966183.35 1462966172.87 -10486.0999584 6320
24 usuario10 1462966182.88 1462966177.69 -5198.10009003 10977
24 usuario2 1462966183.27 1462966175.0 -8269.99998093 8330
24 usuario8 1462966182.91 1462966173.61 -9298.90012741 6811
24 usuario5 1462966183.86 1462966172.41 -11450.2000809 5553
24 usuario7 1462966183.76 1462966168.25 -15508.1000328 2100
24 usuario9 1462966183.37 1462966174.03 -9336.40003204 7685
24 usuario11 1462966183.82 1462966169.27 -14550.0001907 2834
24 usuario4 1462966183.23 1462966169.81 -13424.0000248 3306
25 usuario16 1462966202.29 1462966198.11 -4177.19984055 13719
25 usuario15 1462966202.51 1462966199.28 -3230.79991341 15215
25 usuario12 1462966202.62 1462966191.23 -11391.7000294 6472
25 usuario3 1462966201.98 1462966201.94 -35.4001522064 17327
25 usuario14 1462966202.48 1462966194.19 -8294.29984093 9367
25 usuario13 1462966202.1 1462966186.54 -15562.5 2455
25 usuario6 1462966202.06 1462966192.76 -9306.9999218 8558
25 usuario1 1462966202.78 1462966192.44 -10340.3000832 8023
25 usuario10 1462966202.88 1462966197.67 -5208.19997787 12674
25 usuario2 1462966202.57 1462966194.28 -8293.90001297 9931
25 usuario8 1462966202.34 1462966196.11 -6231.40001297 12144
25 usuario5 1462966202.81 1462966189.21 -13600.9001732 4221
25 usuario7 1462966202.88 1462966187.38 -15502.600193 2565
25 usuario9 1462966202.05 1462966194.8 -7255.10001183 10363
25 usuario11 1462966202.15 1462966191.73 -10417.1998501 6833
25 usuario4 1462966202.42 1462966190.01 -12412.7001762 5719
26 usuario16 1462966221.26 1462966208.42 -12836.8999958 5067
26 usuario15 1462966221.44 1462966214.02 -7422.80006409 10395
26 usuario12 1462966221.55 1462966208.13 -13411.5998745 4432
26 usuario3 1462966221.21 1462966216.01 -5196.49982452 12954
26 usuario14 1462966221.93 1462966207.49 -14441.9000149 3950
26 usuario13 1462966221.64 1462966207.19 -14451.2999058 4025
26 usuario6 1462966221.14 1462966206.68 -14462.5999928 3559
26 usuario1 1462966221.36 1462966214.12 -7243.49999428 10280
26 usuario10 1462966221.51 1462966221.49 -28.1999111176 17542
26 usuario2 1462966221.58 1462966217.41 -4166.00012779 13769
26 usuario8 1462966221.38 1462966215.15 -6234.49993134 11748
26 usuario5 1462966221.61 1462966208.08 -13526.2999535 4152
26 usuario7 1462966221.87 1462966206.34 -15538.0001068 2384
26 usuario9 1462966221.69 1462966213.42 -8264.49990273 10281
26 usuario11 1462966221.5 1462966209.04 -12451.9999027 5761
26 usuario4 1462966221.71 1462966208.29 -13417.9999828 4812
27 usuario16 1462966235.19 1462966230.01 -5180.90009689 7689
27 usuario15 1462966235.85 1462966231.58 -4269.70005035 9023
27 usuario12 1462966235.17 1462966231.01 -4159.2001915 8395
27 usuario3 1462966235.25 1462966235.21 -31.5001010895 12946
27 usuario14 1462966235.09 1462966225.78 -9312.3998642 2782
27 usuario13 1462966235.93 1462966226.57 -9355.70001602 3858
27 usuario6 1462966235.11 1462966225.79 -9317.8999424 3568
27 usuario1 1462966235.15 1462966233.05 -2101.30000114 10624
27 usuario10 1462966235.81 1462966227.54 -8270.60008049 4938
27 usuario2 1462966235.69 1462966235.66 -31.1999320984 12997
27 usuario8 1462966235.11 1462966229.91 -5202.19993591 7464
27 usuario5 1462966235.59 1462966224.13 -11457.0000172 1402
27 usuario7 1462966235.25 1462966232.12 -3123.80003929 9165
27 usuario9 1462966235.9 1462966233.79 -2108.29997063 11023
27 usuario11 1462966235.97 1462966233.86 -2107.80000687 11264
27 usuario4 1462966235.1 1462966230.93 -4160.59994698 8136
28 usuario16 1462966248.0 1462966240.66 -7344.49982643 4405
28 usuario15 1462966247.35 1462966241.03 -6323.10009003 4051
28 usuario12 1462966247.94 1462966240.69 -7245.10002136 4470
28 usuario3 1462966247.11 1462966242.92 -4186.69986725 6594
28 usuario14 1462966247.89 1462966237.55 -10335.0999355 1397
28 usuario13 1462966248.03 1462966242.83 -5195.60003281 5811
28 usuario6 1462966247.1 1462966240.86 -6244.6000576 4693
28 usuario1 1462966247.7 1462966240.44 -7254.69994545 4232
28 usuario10 1462966247.86 1462966245.76 -2104.50005531 8889
28 usuario2 1462966247.92 1462966247.89 -30.3001403809 11119
28 usuario8 1462966247.4 1462966244.26 -3138.00001144 8091
28 usuario5 1462966247.82 1462966239.49 -8328.69982719 2831
28 usuario7 1462966247.63 1462966237.28 -10353.6999226 973
28 usuario9 1462966247.46 1462966245.34 -2118.70002747 8371
28 usuario11 1462966248.05 1462966238.72 -9327.30007172 1691
28 usuario4 1462966247.72 1462966239.44 -8280.00020981 3291
29 usuario16 1462966268.58 1462966259.27 -9304.30006981 10148
29 usuario15 1462966269.08 1462966258.34 -10740.4999733 9871
29 usuario12 1462966268.36 1462966254.93 -13427.9999733 5923
29 usuario3 1462966268.99 1462966258.66 -10332.0999146 10489
29 usuario14 1462966268.86 1462966256.47 -12390.599966 7489
29 usuario13 1462966268.9 1462966251.36 -17542.2000885 2229
29 usuario6 1462966268.51 1462966252.0 -16510.2000237 3840
29 usuario1 1462966268.78 1462966253.2 -15579.9000263 4443
29 usuario10 1462966268.61 1462966258.29 -10323.5001564 9347
29 usuario2 1462966268.33 1462966268.31 -29.1998386383 19306
29 usuario8 1462966268.76 1462966253.27 -15489.0999794 4807
29 usuario5 1462966268.16 1462966250.5 -17663.4998322 1618
29 usuario7 1462966268.59 1462966250.89 -17699.0001202 2201
29 usuario9 1462966268.51 1462966263.32 -5191.29991531 14802
29 usuario11 1462966268.81 1462966254.27 -14542.5999165 5162
29 usuario4 1462966268.22 1462966258.93 -9293.40004921 10144
30 usuario16 1462966289.4 1462966274.96 -14447.9999542 5316
30 usuario15 1462966290.18 1462966273.29 -16888.4000778 3113
30 usuario12 1462966289.36 1462966283.14 -6221.19998932 13724
30 usuario3 1462966289.88 1462966280.56 -9320.60003281 10489
30 usuario14 1462966289.97 1462966276.56 -13415.899992 6639
30 usuario13 1462966290.13 1462966275.67 -14464.4999504 5704
30 usuario6 1462966289.26 1462966271.71 -17553.2000065 2129
30 usuario1 1462966289.76 1462966280.45 -9310.80007553 10608
30 usuario10 1462966289.6 1462966278.22 -11381.9000721 8547
30 usuario2 1462966289.64 1462966276.17 -13476.9999981 6750
30 usuario8 1462966289.89 1462966272.33 -17553.3001423 2498
30 usuario5 1462966289.28 1462966270.55 -18728.8000584 1341
30 usuario7 1462966289.51 1462966271.98 -17534.9998474 2322
30 usuario9 1462966289.29 1462966289.26 -27.899980545 19684
30 usuario11 1462966289.82 1462966275.3 -14517.4999237 5434
30 usuario4 1462966290.11 1462966272.4 -17710.7000351 3110
31 usuario16 1462966310.08 1462966294.56 -15522.5000381 4070
31 usuario15 1462966309.44 1462966298.86 -10584.5000744 7573
31 usuario12 1462966309.64 1462966295.21 -14431.9000244 4790
31 usuario3 1462966309.3 1462966297.93 -11367.9001331 6981
31 usuario14 1462966310.19 1462966295.66 -14529.900074 4627
31 usuario13 1462966309.8 1462966294.31 -15490.7000065 3117
31 usuario6 1462966309.42 1462966295.98 -13434.9999428 5661
31 usuario1 1462966309.73 1462966298.38 -11354.5000553 7556
31 usuario10 1462966310.21 1462966299.87 -10341.0000801 9206
31 usuario2 1462966309.52 1462966309.49 -34.3000888824 18726
31 usuario8 1462966309.38 1462966298.0 -11378.7999153 7055
31 usuario5 1462966309.41 1462966291.73 -17677.0000458 1386
31 usuario7 1462966310.25 1462966293.67 -16578.2001019 3102
31 usuario9 1462966310.2 1462966298.83 -11364.9997711 8465
31 usuario11 1462966309.73 1462966299.34 -10392.8000927 8443
31 usuario4 1462966309.89 1462966295.44 -14450.2999783 4270
32 usuario16 1462966335.49 1462966315.82 -19678.5998344 4673
32 usuario15 1462966335.86 1462966319.85 -16014.6999359 9310
32 usuario12 1462966336.25 1462966315.6 -20646.8999386 4901
32 usuario3 1462966335.87 1462966324.51 -11361.6001606 14147
32 usuario14 1462966335.67 1462966314.01 -21660.0000858 2768
32 usuario13 1462966335.88 1462966315.2 -20680.0000668 4330
32 usuario6 1462966335.68 1462966313.95 -21722.5000858 3484
32 usuario1 1462966335.33 1462966317.77 -17561.0001087 6978
32 usuario10 1462966336.17 1462966316.58 -19585.2999687 5295
32 usuario2 1462966335.41 1462966335.38 -30.9998989105 24746
32 usuario8 1462966335.79 1462966319.29 -16500.6000996 8850
32 usuario5 1462966335.32 1462966312.37 -22948.7998486 1829
32 usuario7 1462966335.59 1462966314.88 -20709.3999386 3571
32 usuario9 1462966335.68 1462966319.17 -16514.1999722 7909
32 usuario11 1462966335.67 1462966320.01 -15663.3000374 9207
32 usuario4 1462966336.04 1462966313.35 -22691.2000179 2404
33 usuario16 1462966355.56 1462966344.15 -11408.6999893 7580
33 usuario15 1462966355.71 1462966340.88 -14831.799984 3917
33 usuario12 1462966355.82 1462966340.35 -15463.6001587 3052
33 usuario3 1462966355.73 1462966341.28 -14457.8998089 4347
33 usuario14 1462966356.35 1462966338.83 -17527.3001194 2098
33 usuario13 1462966356.14 1462966339.63 -16508.8000298 2692
33 usuario6 1462966355.4 1462966341.97 -13423.7999916 5167
33 usuario1 1462966355.52 1462966340.03 -15488.8999462 3642
33 usuario10 1462966355.41 1462966355.38 -30.4999351501 18143
33 usuario2 1462966356.0 1462966349.78 -6226.99999809 13290
33 usuario8 1462966356.14 1462966345.82 -10327.6000023 8957
33 usuario5 1462966356.09 1462966340.48 -15605.4999828 4089
33 usuario7 1462966355.82 1462966339.21 -16608.399868 2571
33 usuario9 1462966356.3 1462966340.79 -15516.4999962 4045
33 usuario11 1462966355.53 1462966345.03 -10497.300148 8304
33 usuario4 1462966356.04 1462966339.51 -16534.1000557 2398
34 usuario16 1462966369.38 1462966359.04 -10336.6000652 2430
34 usuario15 1462966369.3 1462966363.94 -5354.60019112 7112
34 usuario12 1462966369.09 1462966360.78 -8309.39984322 3899
34 usuario3 1462966369.1 1462966361.82 -7274.89995956 5027
34 usuario14 1462966368.94 1462966360.66 -8280.29990196 3245
34 usuario13 1462966369.28 1462966359.97 -9315.59991837 2766
34 usuario6 1462966368.64 1462966364.47 -4164.1998291 8013
34 usuario1 1462966369.37 1462966361.09 -8272.39990234 4520
34 usuario10 1462966368.9 1462966363.7 -5191.80011749 7217
34 usuario2 1462966368.97 1462966368.94 -32.1998596191 11874
34 usuario8 1462966369.14 1462966367.03 -2108.700037 9827
34 usuario5 1462966368.92 1462966360.59 -8328.09996605 3436
34 usuario7 1462966369.17 1462966359.85 -9315.79995155 2966
34 usuario9 1462966369.13 1462966362.91 -6228.1999588 5527
34 usuario11 1462966369.29 1462966362.99 -6295.30000687 6405
34 usuario4 1462966368.75 1462966359.44 -9302.09994316 2345
35 usuario16 1462966390.49 1462966375.01 -15477.2000313 4578
35 usuario15 1462966391.19 1462966391.15 -45.0000762939 20719
35 usuario12 1462966391.39 1462966372.76 -18624.699831 2622
35 usuario3 1462966390.89 1462966374.39 -16507.4999332 4232
35 usuario14 1462966391.41 1462966371.82 -19596.5001583 1819
35 usuario13 1462966390.76 1462966372.18 -18587.100029 1830
35 usuario6 1462966391.04 1462966373.3 -17741.4999008 3612
35 usuario1 1462966391.26 1462966374.61 -16650.2001286 4179
35 usuario10 1462966390.83 1462966373.28 -17551.3999462 3330
35 usuario2 1462966391.08 1462966380.77 -10311.3999367 10717
35 usuario8 1462966391.44 1462966390.36 -1078.89986038 20159
35 usuario5 1462966390.78 1462966371.03 -19742.2001362 1058
35 usuario7 1462966390.44 1462966371.89 -18547.8999615 1658
35 usuario9 1462966391.37 1462966382.07 -9301.00011826 11878
35 usuario11 1462966391.44 1462966371.72 -19717.6001072 1381
35 usuario4 1462966390.5 1462966373.99 -16510.9000206 4193
36 usuario16 1462966414.68 1462966394.98 -19700.9000778 3436
36 usuario15 1462966415.21 1462966398.22 -16989.3000126 5925
36 usuario12 1462966414.67 1462966395.05 -19615.4000759 2604
36 usuario3 1462966414.85 1462966397.29 -17561.5999699 5330
36 usuario14 1462966414.91 1462966396.35 -18552.1998405 3884
36 usuario13 1462966415.13 1462966396.55 -18575.6998062 4729
36 usuario6 1462966414.81 1462966394.18 -20628.2999516 2079
36 usuario1 1462966415.46 1462966395.84 -19618.4000969 3526
36 usuario10 1462966415.38 1462966394.64 -20746.0999489 2745
36 usuario2 1462966414.95 1462966414.92 -28.6998748779 22779
36 usuario8 1462966414.83 1462966398.31 -16523.4999657 5812
36 usuario5 1462966415.47 1462966395.73 -19741.8000698 3896
36 usuario7 1462966415.01 1462966394.4 -20612.7998829 2903
36 usuario9 1462966414.97 1462966403.61 -11352.2000313 11180
36 usuario11 1462966414.81 1462966395.13 -19688.3001328 2551
36 usuario4 1462966415.0 1462966399.54 -15460.6001377 7975
37 usuario16 1462966441.97 1462966420.21 -21758.3999634 4475
37 usuario15 1462966442.23 1462966432.72 -9505.10001183 16421
37 usuario12 1462966441.6 1462966418.94 -22662.899971 3210
37 usuario3 1462966442.56 1462966421.9 -20655.4999352 5994
37 usuario14 1462966441.54 1462966417.85 -23694.2999363 1886
37 usuario13 1462966442.13 1462966419.34 -22784.9998474 3152
37 usuario6 1462966442.26 1462966422.54 -19716.6001797 6664
37 usuario1 1462966442.32 1462966422.74 -19575.9000778 6218
37 usuario10 1462966442.5 1462966424.94 -17554.899931 8497
37 usuario2 1462966441.75 1462966441.72 -27.6999473572 25682
37 usuario8 1462966442.47 1462966423.89 -18573.1999874 8001
37 usuario5 1462966441.57 1462966418.58 -22995.5999851 2041
37 usuario7 1462966441.82 1462966420.17 -21657.0999622 4100
37 usuario9 1462966442.49 1462966422.9 -19591.3000107 6866
37 usuario11 1462966441.8 1462966421.03 -20768.8999176 5155
37 usuario4 1462966442.14 1462966419.37 -22773.0000019 3311
38 usuario16 1462966454.1 1462966447.85 -6248.00014496 4759
38 usuario15 1462966453.74 1462966448.4 -5341.50004387 5082
38 usuario12 1462966454.17 1462966444.87 -9299.09992218 2205
38 usuario3 1462966453.6 1462966446.35 -7246.90008163 2743
38 usuario14 1462966454.59 1462966445.29 -9301.30004883 1652
38 usuario13 1462966453.59 1462966445.3 -8294.60000992 2106
38 usuario6 1462966453.95 1462966450.81 -3136.80005074 7497
38 usuario1 1462966454.14 1462966450.99 -3143.19992065 7619
38 usuario10 1462966454.35 1462966452.25 -2104.90012169 8689
38 usuario2 1462966454.52 1462966447.26 -7256.40010834 4436
38 usuario8 1462966454.18 1462966446.93 -7253.8998127 3368
38 usuario5 1462966454.12 1462966444.71 -9409.39998627 2019
38 usuario7 1462966454.45 1462966445.13 -9314.50009346 2249
38 usuario9 1462966453.62 1462966453.59 -32.6001644135 10042
38 usuario11 1462966454.58 1462966447.28 -7291.59998894 4415
38 usuario4 1462966453.58 1462966445.3 -8283.99991989 2103
39 usuario16 1462966470.43 1462966461.04 -9392.30012894 5806
39 usuario15 1462966470.53 1462966465.19 -5334.20014381 10321
39 usuario12 1462966470.17 1462966457.78 -12391.4999962 2535
39 usuario3 1462966469.93 1462966469.9 -31.3999652863 15242
39 usuario14 1462966470.36 1462966461.06 -9297.50013351 5404
39 usuario13 1462966470.62 1462966457.19 -13425.6000519 2541
39 usuario6 1462966470.18 1462966457.77 -12406.9001675 2761
39 usuario1 1462966470.64 1462966460.31 -10332.2999477 5104
39 usuario10 1462966470.04 1462966457.64 -12400.4001617 2233
39 usuario2 1462966469.86 1462966464.68 -5183.30001831 9097
39 usuario8 1462966470.12 1462966460.75 -9366.89996719 5506
39 usuario5 1462966470.14 1462966457.66 -12478.099823 2423
39 usuario7 1462966469.83 1462966457.44 -12390.7001019 1930
39 usuario9 1462966470.56 1462966462.22 -8339.59984779 7500
39 usuario11 1462966469.72 1462966457.28 -12440.2000904 1633
39 usuario4 1462966470.18 1462966457.78 -12402.0001888 2113
40 usuario16 1462966480.37 1462966476.19 -4174.0000248 4699
40 usuario15 1462966480.56 1462966480.46 -106.89997673 8848
40 usuario12 1462966479.79 1462966473.57 -6218.89996529 2344
40 usuario3 1462966480.64 1462966477.51 -3137.3000145 6475
40 usuario14 1462966480.07 1462966473.81 -6259.00006294 2390
40 usuario13 1462966480.18 1462966473.95 -6224.49994087 2276
40 usuario6 1462966480.17 1462966474.96 -5208.59980583 3722
40 usuario1 1462966480.54 1462966476.38 -4167.40012169 4677
40 usuario10 1462966480.65 1462966475.39 -5260.20002365 4295
40 usuario2 1462966479.91 1462966472.63 -7286.00001335 1713
40 usuario8 1462966480.54 1462966475.35 -5193.100214 4178
40 usuario5 1462966479.89 1462966473.64 -6249.50003624 2445
40 usuario7 1462966479.97 1462966472.72 -7256.09993935 1835
40 usuario9 1462966480.27 1462966477.13 -3139.50014114 5507
40 usuario11 1462966479.8 1462966474.6 -5205.79981804 3801
40 usuario4 1462966479.96 1462966478.88 -1078.40013504 7633
41 usuario16 1462966504.93 1462966486.23 -18698.4000206 4802
41 usuario15 1462966504.89 1462966489.08 -15815.0000572 7389
41 usuario12 1462966505.16 1462966483.4 -21755.5000782 2551
41 usuario3 1462966505.19 1462966484.5 -20696.7000961 2786
41 usuario14 1462966505.37 1462966485.74 -19630.4001808 4615
41 usuario13 1462966505.09 1462966484.41 -20683.7000847 3169
41 usuario6 1462966505.2 1462966484.54 -20655.9000015 3319
41 usuario1 1462966505.22 1462966489.75 -15467.3001766 8113
41 usuario10 1462966505.34 1462966486.79 -18546.4000702 5074
41 usuario2 1462966505.69 1462966483.01 -22683.1998825 2038
41 usuario8 1462966505.43 1462966505.4 -27.4999141693 23771
41 usuario5 1462966505.17 1462966483.3 -21875.0 2352
41 usuario7 1462966504.8 1462966483.06 -21738.9998436 2031
41 usuario9 1462966504.93 1462966485.3 -19630.8999062 3978
41 usuario11 1462966505.12 1462966484.2 -20923.6998558 3330
41 usuario4 1462966505.57 1462966487.86 -17714.4999504 6837
42 usuario16 1462966524.68 1462966511.24 -13436.6998672 5221
42 usuario15 1462966524.49 1462966514.93 -9553.20000648 8901
42 usuario12 1462966523.93 1462966508.44 -15482.2001457 2228
42 usuario3 1462966524.68 1462966511.25 -13424.1001606 4993
42 usuario14 1462966523.85 1462966510.42 -13437.0999336 3989
42 usuario13 1462966524.36 1462966508.85 -15507.4000359 2698
42 usuario6 1462966524.66 1462966513.3 -11363.1000519 7003
42 usuario1 1462966524.46 1462966514.13 -10332.6001167 7850
42 usuario10 1462966524.51 1462966513.15 -11357.5999737 6717
42 usuario2 1462966524.17 1462966524.14 -31.9001674652 17387
42 usuario8 1462966524.23 1462966511.85 -12373.9998341 5346
42 usuario5 1462966524.2 1462966508.59 -15617.8998947 2352
42 usuario7 1462966524.36 1462966507.85 -16511.8000507 1993
42 usuario9 1462966524.28 1462966518.07 -6212.59999275 12043
42 usuario11 1462966524.26 1462966512.85 -11405.299902 6654
42 usuario4 1462966524.52 1462966513.17 -11352.9000282 6533
43 usuario16 1462966542.35 1462966540.24 -2107.39994049 14502
43 usuario15 1462966542.43 1462966537.07 -5356.89997673 11486
43 usuario12 1462966542.76 1462966528.32 -14445.5997944 3331
43 usuario3 1462966542.04 1462966535.82 -6223.20008278 10079
43 usuario14 1462966542.3 1462966527.87 -14430.5000305 2958
43 usuario13 1462966542.4 1462966527.93 -14462.8000259 2523
43 usuario6 1462966542.5 1462966534.18 -8326.20000839 8461
43 usuario1 1462966542.02 1462966531.67 -10341.7999744 6151
43 usuario10 1462966542.66 1462966533.37 -9296.200037 7800
43 usuario2 1462966542.43 1462966542.4 -34.3999862671 17138
43 usuario8 1462966542.61 1462966534.34 -8268.30005646 9055
43 usuario5 1462966542.22 1462966526.6 -15628.4999847 1333
43 usuario7 1462966542.27 1462966527.82 -14456.099987 2398
43 usuario9 1462966542.67 1462966536.45 -6217.59986877 11110
43 usuario11 1462966541.8 1462966529.35 -12446.5000629 4015
43 usuario4 1462966542.05 1462966530.69 -11364.5000458 5109
44 usuario16 1462966562.75 1462966548.29 -14457.2999477 4888
44 usuario15 1462966562.1 1462966552.56 -9541.39995575 9044
44 usuario12 1462966562.17 1462966545.67 -16505.1000118 1851
44 usuario3 1462966562.82 1462966549.4 -13414.9999619 6302
44 usuario14 1462966561.86 1462966546.39 -15470.9999561 3032
44 usuario13 1462966562.18 1462966546.61 -15569.7000027 3154
44 usuario6 1462966562.85 1462966545.3 -17551.89991 1735
44 usuario1 1462966562.47 1462966548.03 -14439.7001266 4947
44 usuario10 1462966561.97 1462966552.67 -9293.20001602 8947
44 usuario2 1462966562.85 1462966553.55 -9305.70006371 10035
44 usuario8 1462966562.37 1462966561.29 -1074.10001755 17623
44 usuario5 1462966562.26 1462966545.52 -16742.3000336 2174
44 usuario7 1462966562.48 1462966547.01 -15473.2999802 3682
44 usuario9 1462966562.79 1462966562.76 -25.9997844696 19034
44 usuario11 1462966562.86 1462966551.4 -11458.6000443 7484
44 usuario4 1462966562.07 1462966547.62 -14440.9000874 4514
45 usuario16 1462966581.96 1462966566.49 -15471.1999893 2688
45 usuario15 1462966581.79 1462966567.95 -13836.1001015 4701
45 usuario12 1462966582.78 1462966566.24 -16534.3999863 3007
45 usuario3 1462966582.16 1462966567.72 -14438.5001659 3847
45 usuario14 1462966582.62 1462966570.23 -12381.9999695 7283
45 usuario13 1462966582.25 1462966567.78 -14467.4999714 4550
45 usuario6 1462966582.44 1462966577.24 -5192.60001183 13336
45 usuario1 1462966582.01 1462966572.7 -9305.90009689 9179
45 usuario10 1462966581.94 1462966567.41 -14532.900095 4383
45 usuario2 1462966582.65 1462966582.61 -36.3001823425 18697
45 usuario8 1462966582.48 1462966581.39 -1084.10000801 17962
45 usuario5 1462966582.15 1462966564.46 -17686.7001057 1150
45 usuario7 1462966582.54 1462966565.99 -16549.4000912 2449
45 usuario9 1462966581.93 1462966570.57 -11366.1999702 6699
45 usuario11 1462966582.04 1462966573.71 -8338.20009232 9792
45 usuario4 1462966581.94 1462966565.42 -16520.1001167 2298
46 usuario16 1462966591.75 1462966587.57 -4175.60005188 4544
46 usuario15 1462966591.08 1462966591.03 -43.9999103546 8046
46 usuario12 1462966591.04 1462966585.79 -5247.0998764 1956
46 usuario3 1462966591.5 1462966586.31 -5193.40014458 3082
46 usuario14 1462966591.58 1462966587.38 -4194.39983368 3710
46 usuario13 1462966591.85 1462966588.72 -3127.70009041 5384
46 usuario6 1462966591.78 1462966585.55 -6231.79984093 2048
46 usuario1 1462966591.73 1462966585.48 -6249.60017204 2415
46 usuario10 1462966591.5 1462966589.4 -2105.09991646 6396
46 usuario2 1462966591.14 1462966584.91 -6231.09984398 1178
46 usuario8 1462966591.08 1462966591.04 -37.4000072479 7505
46 usuario5 1462966591.72 1462966586.5 -5223.70004654 3300
46 usuario7 1462966591.39 1462966590.31 -1077.3999691 6683
46 usuario9 1462966591.07 1462966589.98 -1083.99987221 6995
46 usuario11 1462966591.39 1462966586.18 -5210.59989929 3059
46 usuario4 1462966591.35 1462966586.16 -5188.19999695 3166
47 usuario16 1462966613.09 1462966596.45 -16631.4001083 3629
47 usuario15 1462966613.44 1462966599.61 -13826.9999027 7431
47 usuario12 1462966613.75 1462966594.06 -19692.6999092 1962
47 usuario3 1462966613.25 1462966598.78 -14474.6000767 6221
47 usuario14 1462966613.25 1462966596.75 -16502.1998882 4112
47 usuario13 1462966613.05 1462966595.45 -17600.6000042 2533
47 usuario6 1462966613.04 1462966594.46 -18579.6000957 1629
47 usuario1 1462966613.75 1462966596.19 -17561.3000393 3399
47 usuario10 1462966614.0 1462966594.41 -19586.700201 1849
47 usuario2 1462966613.39 1462966593.65 -19741.699934 1456
47 usuario8 1462966613.12 1462966599.62 -13500.4999638 7460
47 usuario5 1462966613.92 1462966595.21 -18713.2999897 2430
47 usuario7 1462966613.19 1462966597.58 -15618.7000275 5126
47 usuario9 1462966613.51 1462966596.97 -16547.0998287 4841
47 usuario11 1462966613.68 1462966613.64 -37.1999740601 21163
47 usuario4 1462966613.73 1462966594.14 -19594.700098 1732
48 usuario16 1462966624.4 1462966617.07 -7334.70010757 2926
48 usuario15 1462966624.78 1462966618.3 -6480.70001602 3781
48 usuario12 1462966624.64 1462966616.35 -8299.29995537 1537
48 usuario3 1462966624.73 1462966617.47 -7261.79981232 3161
48 usuario14 1462966624.32 1462966620.17 -4158.69998932 5858
48 usuario13 1462966624.96 1462966619.77 -5192.50011444 5659
48 usuario6 1462966624.79 1462966617.54 -7257.49993324 3428
48 usuario1 1462966624.57 1462966624.54 -27.8000831604 9714
48 usuario10 1462966624.53 1462966618.31 -6211.69996262 3263
48 usuario2 1462966624.91 1462966623.82 -1086.49992943 9370
48 usuario8 1462966624.34 1462966623.26 -1078.70006561 9071
48 usuario5 1462966624.69 1462966618.44 -6246.0000515 3441
48 usuario7 1462966624.46 1462966616.19 -8267.30012894 1937
48 usuario9 1462966624.05 1462966618.87 -5188.10009956 4298
48 usuario11 1462966625.01 1462966619.79 -5213.90008926 5043
48 usuario4 1462966624.18 1462966616.91 -7275.6998539 2115
49 usuario16 1462966638.26 1462966626.88 -11384.9999905 1419
49 usuario15 1462966639.02 1462966630.54 -8483.90007019 4614
49 usuario12 1462966638.69 1462966627.24 -11450.7000446 1541
49 usuario3 1462966638.33 1462966631.07 -7254.50015068 5223
49 usuario14 1462966638.97 1462966630.69 -8280.99989891 5308
49 usuario13 1462966638.94 1462966628.49 -10454.6999931 2468
49 usuario6 1462966638.33 1462966632.11 -6216.79997444 6261
49 usuario1 1462966638.93 1462966628.53 -10390.4001713 2883
49 usuario10 1462966638.23 1462966629.95 -8281.59999847 4361
49 usuario2 1462966638.62 1462966638.6 -25.1998901367 12596
49 usuario8 1462966638.58 1462966629.28 -9300.0998497 3880
49 usuario5 1462966639.02 1462966627.59 -11435.7001781 1827
49 usuario7 1462966638.58 1462966630.24 -8341.59994125 4723
49 usuario9 1462966638.54 1462966629.23 -9312.29996681 4116
49 usuario11 1462966638.89 1462966631.58 -7314.19992447 5512
49 usuario4 1462966638.25 1462966626.89 -11361.000061 1647
50 usuario16 1462966639.29 1462966645.7 6414.20006752 6381
50 usuario15 1462966640.07 1462966641.61 1545.59993744 1499
50 usuario12 1462966639.72 1462966642.29 2575.50001144 2543
50 usuario3 1462966639.35 1462966647.19 7833.80007744 7799
50 usuario14 1462966640.0 1462966644.53 4529.70004082 4504
50 usuario13 1462966639.97 1462966644.0 4023.3001709 3994
50 usuario6 1462966639.38 1462966641.4 2015.30003548 1987
50 usuario1 1462966639.95 1462966646.32 6370.00012398 6338
50 usuario10 1462966639.26 1462966641.91 2646.50011063 2618
50 usuario2 1462966639.67 1462966641.32 1648.3001709 1622
50 usuario8 1462966639.61 1462966642.37 2767.40002632 2736
50 usuario5 1462966640.05 1462966642.37 2317.80004501 2295
50 usuario7 1462966639.61 1462966641.18 1573.10009003 1542
50 usuario9 1462966639.57 1462966642.23 2657.50002861 2623
50 usuario11 1462966639.94 1462966643.88 3946.8998909 3917
50 usuario4 1462966639.27 1462966640.41 1137.00008392 1110
