round user time_start time_end time_php time_js
1 usuario11 1543146624.39 1543146631.93 7536.79990768 7426
1 usuario12 1543146624.85 1543146641.01 16158.2000256 16050
1 usuario18 1543146624.8 1543146630.96 6165.19999504 6056
1 usuario14 1543146624.72 1543146633.68 8954.79989052 8811
1 usuario15 1543146624.59 1543146629.06 4469.30003166 4404
1 usuario23 1543146624.4 1543146640.22 15820.6999302 15733
1 usuario19 1543146624.73 1543146646.5 21772.1002102 21666
1 usuario8 1543146624.53 1543146635.19 10660.3000164 10570
1 usuario9 1543146624.68 1543146629.63 4945.80006599 4886
1 usuario24 1543146625.0 1543146630.4 5396.19994164 5338
1 usuario6 1543146625.18 1543146643.24 18052.6998043 17972
1 usuario5 1543146624.76 1543146637.99 13228.6999226 13112
1 usuario20 1543146624.28 1543146628.6 4319.30017471 4269
1 usuario26 1543146625.05 1543146630.27 5219.59996223 5166
1 usuario4 1543146624.48 1543146672.21 47726.3000011 47626
1 usuario2 1543146624.77 1543146631.9 7135.10012627 7062
1 usuario1 1543146624.57 1543146633.47 8901.00002289 8806
1 usuario7 1543146624.55 1543146628.12 3562.6001358 3479
1 usuario10 1543146624.2 1543146627.68 3478.79981995 3425
1 usuario29 1543146624.76 1543146630.32 5555.20009995 5481
1 usuario30 1543146624.77 1543146630.86 6098.39987755 6036
1 usuario13 1543146624.39 1543146633.93 9535.20011902 9431
1 usuario17 1543146624.74 1543146628.56 3819.49996948 3761
1 usuario27 1543146624.53 1543146630.06 5533.10012817 5471
1 usuario16 1543146624.5 1543146634.4 9901.90005302 9807
1 usuario25 1543146624.33 1543146630.07 5737.6999855 5681
1 usuario22 1543146625.05 1543146628.89 3845.00002861 3781
1 usuario3 1543146624.9 1543146637.12 12221.0001945 12124
1 usuario28 1543146625.03 1543146628.73 3692.8999424 3641
1 usuario21 1543146625.17 1543146641.22 16048.7000942 15955
2 usuario11 1543146673.96 1543146689.0 15047.6000309 14940
2 usuario12 1543146673.5 1543146682.97 9471.40002251 9380
2 usuario18 1543146673.84 1543146678.35 4510.60009003 4467
2 usuario14 1543146673.32 1543146685.15 11832.8001499 11745
2 usuario15 1543146674.07 1543146680.09 6014.80007172 5941
2 usuario23 1543146673.66 1543146683.17 9505.69987297 9411
2 usuario19 1543146673.78 1543146695.84 22060.2002144 21966
2 usuario8 1543146674.08 1543146682.22 8140.79999924 8019
2 usuario9 1543146673.48 1543146689.77 16293.8001156 16220
2 usuario24 1543146673.34 1543146675.31 1974.40004349 1926
2 usuario6 1543146673.73 1543146692.4 18668.2999134 18567
2 usuario5 1543146673.67 1543146686.74 13075.3998756 13005
2 usuario20 1543146673.46 1543146682.55 9091.2001133 9021
2 usuario26 1543146673.29 1543146681.58 8286.09991074 8230
2 usuario4 1543146673.32 1543146687.31 13987.4999523 13909
2 usuario2 1543146673.91 1543146701.43 27518.900156 27417
2 usuario1 1543146673.36 1543146685.26 11904.7000408 11803
2 usuario7 1543146673.23 1543146677.27 4039.59989548 3996
2 usuario10 1543146673.74 1543146696.6 22863.5001183 22781
2 usuario29 1543146673.25 1543146700.71 27457.7000141 27371
2 usuario30 1543146674.06 1543146676.54 2485.89992523 2437
2 usuario13 1543146673.54 1543146690.86 17321.0999966 17228
2 usuario17 1543146673.47 1543146676.78 3311.30003929 3267
2 usuario27 1543146673.89 1543146682.11 8221.79985046 8146
2 usuario16 1543146674.01 1543146684.77 10760.2000237 10662
2 usuario25 1543146673.89 1543146677.73 3837.10002899 3797
2 usuario22 1543146674.12 1543146676.86 2745.80001831 2698
2 usuario3 1543146674.0 1543146684.11 10109.5001698 9997
2 usuario28 1543146673.61 1543146685.94 12327.8999329 12256
2 usuario21 1543146673.73 1543146687.26 13529.2000771 13429
3 usuario11 1543146702.68 1543146706.99 4315.59991837 4269
3 usuario12 1543146702.86 1543146705.13 2265.10000229 2222
3 usuario18 1543146702.36 1543146706.36 3996.99997902 3951
3 usuario14 1543146702.89 1543146711.46 8569.99993324 8476
3 usuario15 1543146703.17 1543146713.81 10642.6000595 10544
3 usuario23 1543146702.98 1543146709.32 6338.89985085 6245
3 usuario19 1543146703.27 1543146728.06 24794.4998741 24691
3 usuario8 1543146703.23 1543146707.36 4127.70009041 4078
3 usuario9 1543146702.33 1543146713.98 11645.9000111 11549
3 usuario24 1543146702.6 1543146704.34 1745.70012093 1702
3 usuario6 1543146702.93 1543146716.33 13397.9001045 13298
3 usuario5 1543146702.57 1543146709.25 6680.39989471 6598
3 usuario20 1543146702.38 1543146719.79 17408.9999199 17314
3 usuario26 1543146702.55 1543146706.7 4143.19992065 4098
3 usuario4 1543146703.0 1543146707.25 4251.99985504 4212
3 usuario2 1543146702.53 1543146716.48 13952.8000355 13873
3 usuario1 1543146703.18 1543146706.68 3498.20017815 3430
3 usuario7 1543146702.43 1543146717.2 14769.5999146 14692
3 usuario10 1543146703.0 1543146706.78 3782.50002861 3741
3 usuario29 1543146702.84 1543146705.07 2230.00001907 2181
3 usuario30 1543146702.78 1543146704.97 2194.79990005 2140
3 usuario13 1543146702.35 1543146710.94 8584.50007439 8545
3 usuario17 1543146702.93 1543146706.7 3771.20018005 3729
3 usuario27 1543146703.0 1543146710.58 7576.20000839 7531
3 usuario16 1543146702.46 1543146714.59 12125.399828 12024
3 usuario25 1543146702.76 1543146707.47 4705.70015907 4658
3 usuario22 1543146703.19 1543146705.84 2649.49989319 2597
3 usuario3 1543146703.05 1543146717.35 14295.7999706 14185
3 usuario28 1543146702.7 1543146729.54 26841.0999775 26740
3 usuario21 1543146702.92 1543146711.16 8236.20009422 8139
4 usuario11 1543146731.18 1543146735.43 4248.79980087 4186
4 usuario12 1543146731.24 1543146734.36 3118.49999428 3071
4 usuario18 1543146730.41 1543146731.81 1403.60021591 1361
4 usuario14 1543146731.28 1543146745.72 14441.9000149 14375
4 usuario15 1543146730.57 1543146742.37 11797.1999645 11702
4 usuario23 1543146731.21 1543146734.89 3680.20009995 3641
4 usuario19 1543146731.25 1543146766.02 34771.900177 34656
4 usuario8 1543146730.47 1543146736.59 6116.00017548 6023
4 usuario9 1543146730.68 1543146733.78 3095.2000618 3050
4 usuario24 1543146730.63 1543146731.88 1250.40006638 1197
4 usuario6 1543146731.11 1543146748.48 17371.2999821 17269
4 usuario5 1543146731.26 1543146739.37 8113.30008507 8066
4 usuario20 1543146731.32 1543146737.08 5763.20004463 5720
4 usuario26 1543146730.89 1543146740.14 9246.79994583 9141
4 usuario4 1543146731.23 1543146735.8 4575.00004768 4539
4 usuario2 1543146731.14 1543146736.05 4905.69996834 4865
4 usuario1 1543146730.82 1543146735.29 4472.10001945 4429
4 usuario7 1543146730.94 1543146737.35 6405.40003777 6354
4 usuario10 1543146730.89 1543146734.72 3832.39984512 3789
4 usuario29 1543146731.27 1543146732.47 1200.50001144 1147
4 usuario30 1543146730.46 1543146732.61 2144.20008659 2093
4 usuario13 1543146730.8 1543146739.51 8706.70008659 8610
4 usuario17 1543146730.74 1543146733.44 2690.90008736 2650
4 usuario27 1543146730.45 1543146741.09 10640.4998302 10550
4 usuario16 1543146731.3 1543146737.64 6341.89987183 6246
4 usuario25 1543146730.41 1543146738.82 8406.20017052 8317
4 usuario22 1543146731.1 1543146733.08 1985.80002785 1929
4 usuario3 1543146731.06 1543146738.83 7769.50001717 7660
4 usuario28 1543146730.64 1543146733.67 3029.90007401 2986
4 usuario21 1543146731.06 1543146739.48 8420.30000687 8322
5 usuario11 1543146766.97 1543146770.81 3838.2999897 3806
5 usuario12 1543146766.65 1543146772.53 5877.50005722 5782
5 usuario18 1543146767.39 1543146770.21 2812.90006638 2763
5 usuario14 1543146766.57 1543146778.13 11553.6000729 11457
5 usuario15 1543146767.4 1543146772.63 5232.80000687 5191
5 usuario23 1543146767.21 1543146770.75 3538.30003738 3491
5 usuario19 1543146767.12 1543146776.66 9542.89984703 9436
5 usuario8 1543146767.0 1543146786.01 19012.5999451 18912
5 usuario9 1543146767.21 1543146771.89 4678.80010605 4628
5 usuario24 1543146766.57 1543146769.7 3121.20008469 3075
5 usuario6 1543146766.42 1543146777.16 10737.9999161 10636
5 usuario5 1543146766.65 1543146769.31 2664.69979286 2626
5 usuario20 1543146767.37 1543146769.36 1984.09986496 1941
5 usuario26 1543146766.4 1543146771.25 4853.10006142 4797
5 usuario4 1543146767.21 1543146774.75 7546.00000381 7444
5 usuario2 1543146766.5 1543146770.93 4428.29990387 4366
5 usuario1 1543146766.79 1543146770.46 3672.80006409 3613
5 usuario7 1543146766.72 1543146773.6 6876.10006332 6775
5 usuario10 1543146767.21 1543146771.31 4102.19979286 4046
5 usuario29 1543146767.02 1543146768.51 1485.59999466 1436
5 usuario30 1543146767.24 1543146768.99 1745.29981613 1698
5 usuario13 1543146766.61 1543146772.31 5700.8998394 5607
5 usuario17 1543146766.82 1543146770.19 3369.40002441 3343
5 usuario27 1543146767.16 1543146787.33 20178.4000397 20037
5 usuario16 1543146767.0 1543146771.71 4711.09986305 4686
5 usuario25 1543146766.91 1543146771.65 4741.89996719 4697
5 usuario22 1543146766.68 1543146769.1 2418.10011864 2379
5 usuario3 1543146767.13 1543146773.89 6765.30003548 6659
5 usuario28 1543146767.21 1543146780.21 13001.8999577 12905
5 usuario21 1543146766.65 1543146773.1 6446.70009613 6349
6 usuario11 1543146787.62 1543146791.52 3900.9001255 3854
6 usuario12 1543146788.24 1543146795.24 7002.09999084 6917
6 usuario18 1543146788.02 1543146790.54 2523.99992943 2480
6 usuario14 1543146787.6 1543146801.87 14270.6999779 14174
6 usuario15 1543146788.36 1543146794.59 6223.29998016 6129
6 usuario23 1543146787.44 1543146792.73 5288.69986534 5246
6 usuario19 1543146788.21 1543146806.14 17928.6999702 17819
6 usuario8 1543146788.14 1543146791.03 2888.4999752 2860
6 usuario9 1543146787.67 1543146791.88 4203.99999619 4162
6 usuario24 1543146787.51 1543146789.51 2000.29993057 1954
6 usuario6 1543146787.69 1543146798.65 10959.100008 10857
6 usuario5 1543146788.21 1543146799.08 10870.2001572 10768
6 usuario20 1543146788.09 1543146790.16 2071.90012932 2033
6 usuario26 1543146788.05 1543146792.28 4234.50016975 4188
6 usuario4 1543146788.29 1543146792.74 4444.80013847 4408
6 usuario2 1543146787.73 1543146797.33 9603.80005836 9504
6 usuario1 1543146788.34 1543146791.97 3634.00006294 3584
6 usuario7 1543146788.36 1543146798.45 10096.4000225 9999
6 usuario10 1543146788.1 1543146791.88 3777.40001678 3731
6 usuario29 1543146787.46 1543146789.78 2324.30005074 2295
6 usuario30 1543146787.94 1543146789.8 1852.99992561 1823
6 usuario13 1543146787.94 1543146791.62 3679.80003357 3640
6 usuario17 1543146788.01 1543146789.86 1845.2000618 1804
6 usuario27 1543146788.43 1543146797.16 8723.69980812 8699
6 usuario16 1543146787.53 1543146796.75 9221.60005569 9123
6 usuario25 1543146788.35 1543146801.01 12655.9998989 12563
6 usuario22 1543146788.03 1543146790.13 2101.90010071 2062
6 usuario3 1543146787.61 1543146803.15 15545.3999043 15442
6 usuario28 1543146787.55 1543146791.65 4093.60003471 4041
6 usuario21 1543146787.84 1543146793.54 5698.19998741 5658
7 usuario11 1543146807.28 1543146810.36 3083.39977264 3034
7 usuario12 1543146806.76 1543146808.58 1816.99991226 1777
7 usuario18 1543146807.34 1543146809.7 2364.10021782 2323
7 usuario14 1543146807.11 1543146822.14 15029.8998356 14938
7 usuario15 1543146807.14 1543146816.92 9781.20017052 9687
7 usuario23 1543146807.36 1543146812.02 4655.90000153 4596
7 usuario19 1543146807.33 1543146812.72 5387.09998131 5356
7 usuario8 1543146806.78 1543146811.86 5083.50014687 5030
7 usuario9 1543146806.5 1543146810.75 4250.30016899 4209
7 usuario24 1543146807.36 1543146808.81 1457.20005035 1405
7 usuario6 1543146807.03 1543146817.41 10377.9001236 10271
7 usuario5 1543146806.5 1543146811.5 5005.3999424 4918
7 usuario20 1543146806.88 1543146808.69 1816.69998169 1773
7 usuario26 1543146806.98 1543146816.98 9992.79999733 9896
7 usuario4 1543146807.38 1543146813.42 6042.40012169 6003
7 usuario2 1543146806.79 1543146812.91 6120.49984932 6021
7 usuario1 1543146806.71 1543146809.56 2849.0998745 2807
7 usuario7 1543146806.85 1543146810.83 3973.99997711 3931
7 usuario10 1543146806.56 1543146811.82 5266.20006561 5222
7 usuario29 1543146806.58 1543146808.06 1483.80017281 1430
7 usuario30 1543146806.62 1543146808.52 1895.49994469 1859
7 usuario13 1543146807.34 1543146816.27 8927.50000954 8822
7 usuario17 1543146806.59 1543146809.51 2911.00001335 2865
7 usuario27 1543146806.59 1543146814.55 7953.00006866 7852
7 usuario16 1543146807.24 1543146812.61 5370.80001831 5328
7 usuario25 1543146807.29 1543146810.64 3353.39999199 3332
7 usuario22 1543146806.94 1543146809.04 2101.7999649 2063
7 usuario3 1543146807.39 1543146822.61 15221.4000225 15110
7 usuario28 1543146807.37 1543146812.53 5163.39993477 5073
7 usuario21 1543146807.17 1543146812.28 5105.09991646 5053
8 usuario11 1543146823.99 1543146826.32 2335.00003815 2285
8 usuario12 1543146824.23 1543146826.22 1987.6999855 1925
8 usuario18 1543146824.44 1543146829.67 5229.7000885 5196
8 usuario14 1543146824.27 1543146827.65 3382.60006905 3344
8 usuario15 1543146824.26 1543146829.84 5578.9000988 5482
8 usuario23 1543146823.53 1543146836.93 13398.4000683 13300
8 usuario19 1543146824.26 1543146832.42 8163.19990158 8129
8 usuario8 1543146824.5 1543146827.3 2801.89990997 2753
8 usuario9 1543146824.36 1543146831.39 7030.69996834 6956
8 usuario24 1543146823.51 1543146825.61 2098.40011597 2049
8 usuario6 1543146823.81 1543146842.01 18206.6998482 18104
8 usuario5 1543146824.12 1543146829.62 5500.49996376 5454
8 usuario20 1543146824.35 1543146826.49 2143.00012589 2105
8 usuario26 1543146824.39 1543146828.24 3849.3001461 3800
8 usuario4 1543146823.89 1543146827.72 3835.90006828 3809
8 usuario2 1543146824.46 1543146830.38 5917.00005531 5870
8 usuario1 1543146824.31 1543146826.94 2629.1000843 2581
8 usuario7 1543146824.48 1543146829.13 4647.40014076 4602
8 usuario10 1543146824.46 1543146829.26 4799.20005798 4749
8 usuario29 1543146823.76 1543146825.77 2007.20000267 1960
8 usuario30 1543146824.37 1543146827.81 3437.10017204 3384
8 usuario13 1543146823.69 1543146833.24 9546.200037 9451
8 usuario17 1543146824.15 1543146826.9 2752.59995461 2720
8 usuario27 1543146823.98 1543146834.36 10381.2000751 10285
8 usuario16 1543146824.15 1543146828.97 4817.30008125 4777
8 usuario25 1543146824.27 1543146852.81 28545.9001064 28449
8 usuario22 1543146823.74 1543146826.04 2298.39992523 2225
8 usuario3 1543146823.71 1543146838.71 14996.4001179 14882
8 usuario28 1543146824.0 1543146829.52 5523.60010147 5484
8 usuario21 1543146823.78 1543146828.5 4719.30003166 4656
9 usuario11 1543146853.81 1543146855.85 2036.60011292 1988
9 usuario12 1543146854.39 1543146858.69 4299.59988594 4252
9 usuario18 1543146853.78 1543146856.21 2430.20009995 2389
9 usuario14 1543146854.03 1543146885.06 31028.8000107 30923
9 usuario15 1543146853.97 1543146857.92 3954.20002937 3905
9 usuario23 1543146853.64 1543146856.79 3154.40011024 3128
9 usuario19 1543146854.5 1543146858.02 3518.59998703 3469
9 usuario8 1543146854.63 1543146857.87 3241.40000343 3202
9 usuario9 1543146854.39 1543146860.74 6354.39991951 6312
9 usuario24 1543146853.91 1543146856.15 2240.4999733 2207
9 usuario6 1543146853.57 1543146861.9 8329.20002937 8286
9 usuario5 1543146853.81 1543146859.68 5872.90000916 5818
9 usuario20 1543146853.64 1543146855.22 1584.10000801 1544
9 usuario26 1543146854.41 1543146871.12 16705.4998875 16607
9 usuario4 1543146853.75 1543146858.63 4880.80000877 4838
9 usuario2 1543146854.55 1543146858.24 3686.50007248 3634
9 usuario1 1543146854.25 1543146857.76 3509.90009308 3474
9 usuario7 1543146854.26 1543146859.28 5015.70010185 4972
9 usuario10 1543146854.31 1543146859.28 4966.70007706 4922
9 usuario29 1543146854.06 1543146855.72 1657.7000618 1610
9 usuario30 1543146854.11 1543146857.48 3378.9999485 3334
9 usuario13 1543146854.1 1543146865.99 11883.8000298 11813
9 usuario17 1543146854.05 1543146858.23 4179.89993095 4134
9 usuario27 1543146854.18 1543146864.69 10511.1999512 10428
9 usuario16 1543146854.0 1543146860.97 6970.40009499 6926
9 usuario25 1543146853.91 1543146859.22 5302.09994316 5242
9 usuario22 1543146854.45 1543146856.46 2016.99995995 1975
9 usuario3 1543146854.52 1543146861.3 6782.8001976 6672
9 usuario28 1543146853.62 1543146862.5 8882.09986687 8789
9 usuario21 1543146853.63 1543146856.43 2801.30004883 2752
10 usuario11 1543146886.44 1543146890.49 4046.89979553 3998
10 usuario12 1543146885.82 1543146890.3 4473.19984436 4430
10 usuario18 1543146885.68 1543146895.81 10131.2999725 10003
10 usuario14 1543146886.16 1543146926.72 40559.7000122 40464
10 usuario15 1543146886.24 1543146894.7 8459.70010757 8361
10 usuario23 1543146886.08 1543146919.84 33761.8000507 33661
10 usuario19 1543146886.26 1543146893.08 6826.90000534 6770
10 usuario8 1543146886.16 1543146890.31 4150.6998539 4107
10 usuario9 1543146885.85 1543146897.21 11359.2000008 11268
10 usuario24 1543146886.54 1543146887.65 1114.00008202 1060
10 usuario6 1543146886.11 1543146892.13 6021.19994164 5969
10 usuario5 1543146885.91 1543146889.4 3491.89996719 3451
10 usuario20 1543146886.45 1543146888.99 2541.70012474 2499
10 usuario26 1543146885.81 1543146893.59 7779.20007706 7658
10 usuario4 1543146885.71 1543146891.56 5844.59996223 5752
10 usuario2 1543146886.61 1543146889.28 2667.90008545 2623
10 usuario1 1543146886.11 1543146889.33 3223.99997711 3188
10 usuario7 1543146886.57 1543146897.75 11184.3001842 11076
10 usuario10 1543146886.47 1543146892.82 6350.89993477 6258
10 usuario29 1543146886.12 1543146887.97 1845.70002556 1797
10 usuario30 1543146885.91 1543146887.53 1626.80006027 1575
10 usuario13 1543146885.82 1543146889.89 4063.80009651 4021
10 usuario17 1543146886.47 1543146887.99 1521.60000801 1482
10 usuario27 1543146886.64 1543146894.87 8232.00011253 8184
10 usuario16 1543146886.09 1543146892.01 5922.99985886 5826
10 usuario25 1543146886.37 1543146890.91 4540.40002823 4481
10 usuario22 1543146885.87 1543146888.81 2940.10019302 2890
10 usuario3 1543146886.55 1543146889.47 2925.80008507 2875
10 usuario28 1543146886.55 1543146908.4 21845.400095 21751
10 usuario21 1543146885.76 1543146900.72 14957.9999447 14861
11 usuario11 1543146928.37 1543146931.26 2890.30003548 2837
11 usuario12 1543146927.84 1543146930.55 2711.10010147 2668
11 usuario18 1543146928.35 1543146931.58 3227.50020027 3184
11 usuario14 1543146927.81 1543146946.97 19159.1000557 19036
11 usuario15 1543146928.18 1543146931.73 3550.70018768 3510
11 usuario23 1543146928.32 1543146940.45 12134.0000629 12053
11 usuario19 1543146927.72 1543146930.51 2784.89995003 2731
11 usuario8 1543146928.07 1543146930.79 2720.60012817 2672
11 usuario9 1543146928.46 1543146932.73 4269.20008659 4232
11 usuario24 1543146928.51 1543146930.12 1613.50011826 1583
11 usuario6 1543146927.74 1543146935.96 8224.69997406 8137
11 usuario5 1543146928.35 1543146934.09 5734.89999771 5632
11 usuario20 1543146928.63 1543146930.6 1971.2998867 1931
11 usuario26 1543146928.15 1543146930.75 2602.99992561 2559
11 usuario4 1543146928.03 1543146933.61 5576.69997215 5482
11 usuario2 1543146928.08 1543146930.16 2086.30013466 2022
11 usuario1 1543146928.09 1543146930.58 2491.89996719 2439
11 usuario7 1543146928.23 1543146935.07 6848.70004654 6741
11 usuario10 1543146928.46 1543146932.86 4399.80006218 4348
11 usuario29 1543146927.92 1543146929.42 1500.90003014 1454
11 usuario30 1543146928.6 1543146931.64 3036.09991074 2962
11 usuario13 1543146927.71 1543146932.24 4528.90014648 4484
11 usuario17 1543146927.72 1543146929.3 1576.3001442 1523
11 usuario27 1543146928.25 1543146939.21 10959.3000412 10851
11 usuario16 1543146928.63 1543146937.24 8616.10007286 8547
11 usuario25 1543146928.51 1543146940.74 12225.70014 12133
11 usuario22 1543146927.83 1543146929.87 2042.0999527 1996
11 usuario3 1543146928.36 1543146935.32 6955.80005646 6850
11 usuario28 1543146928.3 1543146931.24 2944.80013847 2902
11 usuario21 1543146928.12 1543146937.77 9647.8998661 9549
12 usuario11 1543146948.06 1543146950.16 2092.30017662 2058
12 usuario12 1543146948.38 1543146950.65 2276.70001984 2226
12 usuario18 1543146948.35 1543146949.83 1472.39995003 1418
12 usuario14 1543146948.08 1543146959.26 11180.9000969 11087
12 usuario15 1543146948.58 1543146951.96 3377.79998779 3334
12 usuario23 1543146947.79 1543146951.23 3438.49992752 3413
12 usuario19 1543146948.35 1543146951.88 3533.40005875 3475
12 usuario8 1543146948.59 1543146952.81 4218.8000679 4159
12 usuario9 1543146948.41 1543146951.31 2898.10013771 2859
12 usuario24 1543146947.97 1543146950.07 2103.1999588 2065
12 usuario6 1543146948.69 1543146960.7 12013.999939 11934
12 usuario5 1543146947.76 1543146953.17 5404.50000763 5354
12 usuario20 1543146948.37 1543146950.72 2345.29995918 2307
12 usuario26 1543146948.53 1543146951.32 2785.60018539 2738
12 usuario4 1543146948.22 1543146952.78 4554.00013924 4514
12 usuario2 1543146948.06 1543146950.02 1965.19994736 1917
12 usuario1 1543146948.42 1543146950.61 2190.50002098 2144
12 usuario7 1543146948.68 1543146952.6 3922.00016975 3868
12 usuario10 1543146948.64 1543146955.44 6796.10013962 6751
12 usuario29 1543146948.25 1543146951.33 3083.80007744 3024
12 usuario30 1543146948.51 1543146951.04 2533.29992294 2485
12 usuario13 1543146948.0 1543146956.44 8442.69990921 8343
12 usuario17 1543146948.15 1543146949.54 1393.8999176 1354
12 usuario27 1543146948.66 1543146959.17 10513.299942 10378
12 usuario16 1543146947.76 1543146954.36 6594.70009804 6554
12 usuario25 1543146948.06 1543146951.74 3671.90003395 3622
12 usuario22 1543146947.84 1543146950.3 2457.29994774 2411
12 usuario3 1543146947.93 1543146956.73 8801.7001152 8722
12 usuario28 1543146948.01 1543146951.74 3729.20012474 3681
12 usuario21 1543146948.23 1543146966.02 17787.4999046 17675
13 usuario11 1543146967.07 1543146969.19 2124.59993362 2055
13 usuario12 1543146967.39 1543146969.03 1635.29992104 1597
13 usuario18 1543146967.68 1543146988.27 20588.1001949 20496
13 usuario14 1543146967.66 1543146970.71 3049.99995232 3001
13 usuario15 1543146967.69 1543146969.86 2170.60017586 2126
13 usuario23 1543146966.99 1543146968.95 1955.19995689 1912
13 usuario19 1543146967.66 1543146969.01 1348.29998016 1302
13 usuario8 1543146967.56 1543146972.21 4647.70007133 4585
13 usuario9 1543146967.05 1543146970.14 3094.20013428 3042
13 usuario24 1543146966.84 1543146968.54 1701.49993896 1648
13 usuario6 1543146967.12 1543146984.77 17648.900032 17550
13 usuario5 1543146966.84 1543146973.28 6439.80002403 6396
13 usuario20 1543146967.4 1543146969.12 1717.90003777 1679
13 usuario26 1543146967.1 1543146970.27 3170.70007324 3116
13 usuario4 1543146967.37 1543146970.33 2952.99983025 2909
13 usuario2 1543146966.87 1543146969.34 2475.10004044 2409
13 usuario1 1543146967.45 1543146969.71 2255.90014458 2225
13 usuario7 1543146967.26 1543146969.87 2614.19987679 2568
13 usuario10 1543146966.99 1543146970.56 3575.59990883 3533
13 usuario29 1543146967.05 1543146969.15 2098.19984436 2048
13 usuario30 1543146966.87 1543146969.2 2330.50012589 2280
13 usuario13 1543146967.01 1543146980.13 13119.1000938 13017
13 usuario17 1543146967.43 1543146968.45 1017.10009575 971
13 usuario27 1543146967.69 1543146976.56 8869.89998817 8773
13 usuario16 1543146966.92 1543146973.87 6954.50019836 6905
13 usuario25 1543146967.46 1543146996.99 29529.7999382 29430
13 usuario22 1543146967.21 1543146968.91 1695.50013542 1651
13 usuario3 1543146967.32 1543146978.17 10846.4999199 10746
13 usuario28 1543146967.48 1543146969.47 1989.69984055 1950
13 usuario21 1543146967.19 1543146971.21 4020.99990845 3994
14 usuario11 1543146998.69 1543147000.82 2134.99999046 2097
14 usuario12 1543146998.5 1543147000.45 1954.39982414 1906
14 usuario18 1543146998.81 1543147025.41 26598.0000496 26493
14 usuario14 1543146997.91 1543147005.55 7643.39995384 7545
14 usuario15 1543146998.24 1543147000.72 2478.39999199 2432
14 usuario23 1543146998.3 1543147000.45 2158.99991989 2116
14 usuario19 1543146998.35 1543147003.23 4873.89993668 4810
14 usuario8 1543146998.5 1543147007.97 9466.2001133 9383
14 usuario9 1543146998.33 1543147003.54 5202.00014114 5133
14 usuario24 1543146998.9 1543147000.42 1510.99991798 1465
14 usuario6 1543146998.48 1543147006.66 8175.69994926 8075
14 usuario5 1543146998.43 1543147007.62 9193.30000877 9134
14 usuario20 1543146998.4 1543146999.59 1189.0001297 1164
14 usuario26 1543146998.54 1543147002.17 3624.40013885 3576
14 usuario4 1543146998.46 1543146999.76 1300.5001545 1257
14 usuario2 1543146998.73 1543147001.34 2611.00006104 2561
14 usuario1 1543146998.1 1543147000.34 2237.89978027 2202
14 usuario7 1543146998.2 1543147002.68 4478.1999588 4448
14 usuario10 1543146998.82 1543147004.93 6109.60006714 6050
14 usuario29 1543146998.5 1543147000.22 1724.60007668 1683
14 usuario30 1543146998.75 1543147000.96 2213.09995651 2155
14 usuario13 1543146997.94 1543147008.11 10178.5998344 10084
14 usuario17 1543146998.84 1543146999.99 1152.79984474 1112
14 usuario27 1543146998.63 1543147011.06 12432.8999519 12345
14 usuario16 1543146997.91 1543147014.61 16700.7000446 16574
14 usuario25 1543146998.09 1543147002.98 4891.60013199 4868
14 usuario22 1543146998.27 1543146999.8 1530.10010719 1500
14 usuario3 1543146998.11 1543147010.78 12668.2999134 12562
14 usuario28 1543146998.84 1543147001.69 2853.1999588 2812
14 usuario21 1543146998.52 1543147004.58 6063.10009956 6017
15 usuario11 1543147026.35 1543147028.7 2358.700037 2306
15 usuario12 1543147026.75 1543147028.93 2182.69991875 2119
15 usuario18 1543147026.48 1543147029.42 2942.10004807 2917
15 usuario14 1543147026.52 1543147042.11 15592.8001404 15495
15 usuario15 1543147026.9 1543147028.82 1920.40014267 1879
15 usuario23 1543147026.59 1543147029.78 3189.80002403 3150
15 usuario19 1543147026.36 1543147031.18 4818.59993935 4769
15 usuario8 1543147026.88 1543147034.45 7570.19996643 7470
15 usuario9 1543147026.6 1543147030.9 4297.19996452 4262
15 usuario24 1543147026.61 1543147027.87 1262.09998131 1226
15 usuario6 1543147026.64 1543147032.65 6000.90003014 5895
15 usuario5 1543147026.55 1543147031.95 5403.90014648 5309
15 usuario20 1543147026.73 1543147028.03 1292.70005226 1252
15 usuario26 1543147026.26 1543147029.29 3029.7999382 2984
15 usuario4 1543147026.91 1543147030.67 3767.50016212 3729
15 usuario2 1543147026.51 1543147029.87 3360.19992828 3328
15 usuario1 1543147026.63 1543147028.95 2313.49992752 2265
15 usuario7 1543147026.75 1543147028.65 1906.00013733 1858
15 usuario10 1543147026.17 1543147028.86 2693.79997253 2642
15 usuario29 1543147026.46 1543147027.69 1232.30004311 1181
15 usuario30 1543147026.15 1543147028.29 2139.40000534 2084
15 usuario13 1543147025.99 1543147033.68 7694.29993629 7592
15 usuario17 1543147026.14 1543147027.95 1810.89997292 1770
15 usuario27 1543147026.86 1543147037.38 10519.1998482 10419
15 usuario16 1543147026.12 1543147030.03 3914.69979286 3876
15 usuario25 1543147026.95 1543147030.58 3626.30009651 3582
15 usuario22 1543147026.16 1543147028.05 1882.49993324 1828
15 usuario3 1543147026.54 1543147037.34 10804.6000004 10700
15 usuario28 1543147026.78 1543147030.45 3670.30000687 3631
15 usuario21 1543147026.56 1543147030.37 3802.80017853 3753
16 usuario11 1543147043.5 1543147046.22 2717.70000458 2676
16 usuario12 1543147043.74 1543147046.53 2785.1998806 2736
16 usuario18 1543147043.06 1543147068.68 25620.3000546 25517
16 usuario14 1543147043.21 1543147055.32 12117.1000004 12048
16 usuario15 1543147043.58 1543147045.74 2167.39988327 2119
16 usuario23 1543147043.36 1543147046.53 3165.60006142 3125
16 usuario19 1543147043.8 1543147048.23 4427.59990692 4382
16 usuario8 1543147043.92 1543147049.54 5614.30001259 5512
16 usuario9 1543147043.48 1543147050.82 7340.19994736 7240
16 usuario24 1543147043.62 1543147045.72 2101.90010071 2046
16 usuario6 1543147043.13 1543147050.03 6905.40003777 6850
16 usuario5 1543147043.48 1543147047.34 3859.49993134 3817
16 usuario20 1543147043.67 1543147045.16 1489.70007896 1449
16 usuario26 1543147042.97 1543147046.3 3321.30002975 3275
16 usuario4 1543147043.22 1543147047.7 4477.29992867 4430
16 usuario2 1543147043.59 1543147047.65 4059.10015106 4000
16 usuario1 1543147043.71 1543147049.33 5617.59996414 5524
16 usuario7 1543147043.4 1543147045.3 1893.50008965 1851
16 usuario10 1543147043.69 1543147047.21 3512.3000145 3459
16 usuario29 1543147043.46 1543147044.8 1334.10000801 1289
16 usuario30 1543147043.01 1543147045.37 2363.80004883 2304
16 usuario13 1543147043.13 1543147048.36 5227.20003128 5135
16 usuario17 1543147043.65 1543147044.69 1036.00001335 989
16 usuario27 1543147043.72 1543147062.35 18631.3998699 18522
16 usuario16 1543147043.71 1543147048.6 4886.80005074 4847
16 usuario25 1543147043.15 1543147048.63 5478.80005836 5435
16 usuario22 1543147043.9 1543147045.64 1736.69981956 1690
16 usuario3 1543147043.65 1543147054.73 11087.9001617 10975
16 usuario28 1543147042.98 1543147047.68 4695.19996643 4657
16 usuario21 1543147043.97 1543147052.5 8530.90000153 8428
17 usuario11 1543147069.43 1543147071.52 2086.40003204 2046
17 usuario12 1543147069.57 1543147073.13 3558.5000515 3513
17 usuario18 1543147069.78 1543147096.73 26949.4998455 26844
17 usuario14 1543147069.02 1543147102.89 33877.9001236 33783
17 usuario15 1543147069.8 1543147071.51 1709.80000496 1668
17 usuario23 1543147069.51 1543147072.63 3116.80006981 3076
17 usuario19 1543147069.22 1543147076.87 7653.30004692 7578
17 usuario8 1543147069.4 1543147072.49 3083.19997787 3016
17 usuario9 1543147069.77 1543147072.03 2261.20018959 2222
17 usuario24 1543147069.89 1543147071.17 1281.1999321 1249
17 usuario6 1543147069.94 1543147077.4 7459.90014076 7358
17 usuario5 1543147069.32 1543147076.86 7534.60001945 7450
17 usuario20 1543147069.15 1543147070.54 1385.10012627 1343
17 usuario26 1543147069.36 1543147072.88 3521.10004425 3474
17 usuario4 1543147069.62 1543147074.64 5012.89987564 4931
17 usuario2 1543147069.73 1543147073.18 3448.89998436 3389
17 usuario1 1543147069.27 1543147072.01 2749.30000305 2697
17 usuario7 1543147069.45 1543147071.53 2084.3000412 2016
17 usuario10 1543147069.2 1543147101.96 32765.0001049 32669
17 usuario29 1543147070.06 1543147071.27 1213.70005608 1169
17 usuario30 1543147069.73 1543147071.66 1925.69994926 1874
17 usuario13 1543147069.38 1543147079.07 9694.49996948 9638
17 usuario17 1543147069.78 1543147071.17 1388.8001442 1348
17 usuario27 1543147069.71 1543147083.18 13468.8999653 13358
17 usuario16 1543147069.52 1543147074.04 4522.09997177 4475
17 usuario25 1543147069.55 1543147073.02 3464.39981461 3417
17 usuario22 1543147069.83 1543147071.43 1605.79991341 1540
17 usuario3 1543147069.5 1543147076.02 6519.60015297 6412
17 usuario28 1543147069.69 1543147072.69 2997.40004539 2958
17 usuario21 1543147069.27 1543147072.31 3037.19997406 2996
18 usuario11 1543147103.2 1543147105.67 2467.49997139 2413
18 usuario12 1543147103.5 1543147105.59 2089.8001194 2035
18 usuario18 1543147103.12 1543147104.42 1307.80005455 1266
18 usuario14 1543147103.99 1543147112.69 8703.9000988 8657
18 usuario15 1543147103.89 1543147106.07 2180.39989471 2129
18 usuario23 1543147103.95 1543147114.38 10434.9000454 10364
18 usuario19 1543147104.13 1543147110.19 6061.50007248 5963
18 usuario8 1543147103.97 1543147110.1 6130.5000782 6056
18 usuario9 1543147103.38 1543147106.14 2765.89989662 2709
18 usuario24 1543147103.66 1543147104.94 1281.10003471 1235
18 usuario6 1543147103.67 1543147112.11 8443.50004196 8345
18 usuario5 1543147103.16 1543147109.92 6754.99987602 6651
18 usuario20 1543147103.9 1543147105.4 1498.10004234 1463
18 usuario26 1543147103.2 1543147108.37 5164.90006447 5097
18 usuario4 1543147103.83 1543147110.45 6623.4998703 6526
18 usuario2 1543147103.66 1543147106.0 2338.4001255 2289
18 usuario1 1543147103.67 1543147105.72 2050.60005188 1994
18 usuario7 1543147103.18 1543147104.97 1794.70014572 1745
18 usuario10 1543147104.16 1543147107.9 3741.69993401 3701
18 usuario29 1543147103.7 1543147105.56 1862.60008812 1804
18 usuario30 1543147103.22 1543147105.34 2112.50019073 2063
18 usuario13 1543147103.19 1543147123.85 20664.7999287 20541
18 usuario17 1543147103.56 1543147104.64 1073.60005379 1027
18 usuario27 1543147103.15 1543147111.75 8599.29990768 8496
18 usuario16 1543147103.56 1543147111.59 8025.59995651 7922
18 usuario25 1543147103.34 1543147108.09 4750.69999695 4702
18 usuario22 1543147103.24 1543147105.1 1859.69996452 1806
18 usuario3 1543147103.48 1543147118.7 15226.5000343 15114
18 usuario28 1543147104.04 1543147107.78 3741.29986763 3699
18 usuario21 1543147103.72 1543147106.91 3192.49987602 3147
19 usuario11 1543147124.73 1543147130.04 5312.29996681 5254
19 usuario12 1543147124.63 1543147129.28 4648.3001709 4618
19 usuario18 1543147124.31 1543147141.31 16995.3999519 16894
19 usuario14 1543147124.24 1543147129.27 5027.49991417 4989
19 usuario15 1543147124.98 1543147127.44 2458.10008049 2416
19 usuario23 1543147124.93 1543147128.36 3425.49991608 3382
19 usuario19 1543147124.97 1543147132.76 7794.19994354 7688
19 usuario8 1543147124.75 1543147131.45 6704.90002632 6660
19 usuario9 1543147125.04 1543147131.59 6551.4998436 6524
19 usuario24 1543147124.85 1543147126.14 1291.89991951 1239
19 usuario6 1543147124.77 1543147136.31 11532.200098 11424
19 usuario5 1543147124.63 1543147132.89 8264.70017433 8169
19 usuario20 1543147124.23 1543147125.75 1513.3998394 1468
19 usuario26 1543147124.18 1543147126.32 2144.59991455 2099
19 usuario4 1543147125.15 1543147128.08 2928.09987068 2886
19 usuario2 1543147124.91 1543147127.7 2786.7000103 2727
19 usuario1 1543147124.61 1543147126.89 2282.20009804 2221
19 usuario7 1543147125.06 1543147128.11 3051.5999794 3015
19 usuario10 1543147124.91 1543147126.69 1783.39982033 1737
19 usuario29 1543147124.51 1543147130.46 5946.79999352 5906
19 usuario30 1543147124.22 1543147125.82 1597.89991379 1546
19 usuario13 1543147124.96 1543147137.47 12515.3999329 12432
19 usuario17 1543147124.54 1543147125.63 1096.50015831 1052
19 usuario27 1543147124.3 1543147136.43 12127.0999908 12001
19 usuario16 1543147124.16 1543147130.06 5899.90019798 5834
19 usuario25 1543147124.8 1543147127.88 3075.70004463 3044
19 usuario22 1543147124.22 1543147126.4 2174.20005798 2085
19 usuario3 1543147124.99 1543147128.72 3732.10000992 3668
19 usuario28 1543147124.56 1543147127.77 3215.39998055 3190
19 usuario21 1543147124.69 1543147130.49 5797.39999771 5699
20 usuario11 1543147142.73 1543147144.42 1695.89996338 1646
20 usuario12 1543147142.96 1543147145.0 2033.30016136 1979
20 usuario18 1543147142.43 1543147147.45 5019.59991455 4994
20 usuario14 1543147142.91 1543147170.65 27747.8001118 27636
20 usuario15 1543147143.17 1543147161.96 18796.6001034 18725
20 usuario23 1543147143.04 1543147145.67 2629.89997864 2590
20 usuario19 1543147142.27 1543147150.95 8681.40006065 8579
20 usuario8 1543147143.02 1543147150.09 7074.40018654 7024
20 usuario9 1543147143.19 1543147151.57 8385.49995422 8333
20 usuario24 1543147142.94 1543147144.64 1700.20008087 1646
20 usuario6 1543147142.61 1543147158.65 16037.0998383 15951
20 usuario5 1543147142.33 1543147147.56 5232.1999073 5151
20 usuario20 1543147142.46 1543147144.35 1895.99990845 1859
20 usuario26 1543147143.08 1543147145.65 2573.00019264 2517
20 usuario4 1543147142.77 1543147150.32 7541.89991951 7500
20 usuario2 1543147142.41 1543147144.3 1891.49999619 1859
20 usuario1 1543147142.69 1543147144.54 1853.40023041 1817
20 usuario7 1543147142.87 1543147149.95 7075.29997826 6998
20 usuario10 1543147142.4 1543147146.06 3658.69998932 3619
20 usuario29 1543147143.07 1543147144.65 1576.40004158 1524
20 usuario30 1543147142.77 1543147144.86 2092.49997139 2046
20 usuario13 1543147142.71 1543147149.39 6681.10013008 6581
20 usuario17 1543147142.39 1543147144.7 2315.09995461 2272
20 usuario27 1543147142.78 1543147149.14 6355.29994965 6262
20 usuario16 1543147142.66 1543147148.38 5720.49999237 5675
20 usuario25 1543147142.57 1543147146.97 4393.00012589 4341
20 usuario22 1543147143.22 1543147144.82 1602.29992867 1562
20 usuario3 1543147142.35 1543147145.47 3116.10007286 3057
20 usuario28 1543147142.49 1543147146.57 4079.60009575 4038
20 usuario21 1543147143.07 1543147145.41 2342.39983559 2298
21 usuario11 1543147172.03 1543147174.03 2002.09999084 1951
21 usuario12 1543147172.21 1543147173.97 1763.70000839 1722
21 usuario18 1543147171.57 1543147196.47 24897.8002071 24788
21 usuario14 1543147171.75 1543147196.69 24943.2001114 24854
21 usuario15 1543147171.46 1543147173.38 1923.50006104 1877
21 usuario23 1543147171.82 1543147173.55 1732.10000992 1693
21 usuario19 1543147171.95 1543147180.42 8474.2000103 8426
21 usuario8 1543147172.08 1543147176.85 4773.00000191 4722
21 usuario9 1543147171.53 1543147173.77 2246.29998207 2203
21 usuario24 1543147171.92 1543147174.84 2919.19994354 2867
21 usuario6 1543147171.34 1543147177.36 6016.70002937 5960
21 usuario5 1543147171.8 1543147176.14 4335.19983292 4288
21 usuario20 1543147171.51 1543147173.19 1688.60006332 1651
21 usuario26 1543147171.97 1543147178.01 6036.30018234 5941
21 usuario4 1543147172.29 1543147178.37 6080.89995384 6033
21 usuario2 1543147171.6 1543147174.16 2565.29998779 2528
21 usuario1 1543147171.85 1543147173.56 1709.3000412 1663
21 usuario7 1543147171.92 1543147173.53 1608.50000381 1561
21 usuario10 1543147171.36 1543147175.66 4302.79994011 4256
21 usuario29 1543147171.95 1543147173.13 1177.40011215 1129
21 usuario30 1543147172.26 1543147173.74 1481.19997978 1424
21 usuario13 1543147171.5 1543147176.81 5308.00008774 5263
21 usuario17 1543147172.02 1543147173.36 1341.70007706 1297
21 usuario27 1543147172.21 1543147179.48 7271.49987221 7244
21 usuario16 1543147171.41 1543147194.37 22956.5999508 22847
21 usuario25 1543147172.07 1543147201.7 29636.6999149 29529
21 usuario22 1543147172.26 1543147174.26 1998.30007553 1945
21 usuario3 1543147171.73 1543147180.39 8663.20014 8613
21 usuario28 1543147171.58 1543147175.47 3883.89992714 3843
21 usuario21 1543147171.67 1543147194.45 22782.3998928 22681
22 usuario11 1543147202.45 1543147206.13 3678.20000648 3628
22 usuario12 1543147203.32 1543147204.72 1397.79996872 1352
22 usuario18 1543147202.81 1543147206.9 4084.39993858 4043
22 usuario14 1543147203.0 1543147228.42 25422.3001003 25327
22 usuario15 1543147202.72 1543147208.6 5875.30016899 5770
22 usuario23 1543147202.8 1543147204.61 1816.20001793 1775
22 usuario19 1543147202.48 1543147204.24 1767.40002632 1713
22 usuario8 1543147203.07 1543147209.73 6664.20006752 6605
22 usuario9 1543147203.14 1543147205.28 2133.69989395 2092
22 usuario24 1543147203.16 1543147204.37 1209.50007439 1164
22 usuario6 1543147202.69 1543147215.18 12487.1001244 12397
22 usuario5 1543147203.36 1543147208.42 5055.39989471 5010
22 usuario20 1543147202.45 1543147204.23 1776.59988403 1737
22 usuario26 1543147203.18 1543147208.34 5165.49992561 5121
22 usuario4 1543147202.44 1543147207.11 4674.29995537 4623
22 usuario2 1543147202.55 1543147205.35 2795.90010643 2746
22 usuario1 1543147202.94 1543147204.94 2008.19993019 1954
22 usuario7 1543147202.9 1543147205.52 2626.69992447 2589
22 usuario10 1543147202.9 1543147206.31 3402.3001194 3350
22 usuario29 1543147202.49 1543147204.12 1630.90014458 1577
22 usuario30 1543147203.21 1543147205.05 1843.60003471 1807
22 usuario13 1543147203.07 1543147209.19 6115.29994011 6014
22 usuario17 1543147202.69 1543147204.05 1361.39988899 1313
22 usuario27 1543147202.47 1543147210.71 8240.6001091 8136
22 usuario16 1543147202.8 1543147214.38 11584.100008 11491
22 usuario25 1543147202.8 1543147208.79 5990.6001091 5958
22 usuario22 1543147202.62 1543147203.99 1367.9997921 1316
22 usuario3 1543147202.44 1543147205.09 2653.30004692 2601
22 usuario28 1543147202.63 1543147226.34 23711.400032 23616
22 usuario21 1543147202.9 1543147204.17 1275.09999275 1224
23 usuario11 1543147230.36 1543147233.08 2712.70012856 2655
23 usuario12 1543147229.78 1543147231.72 1936.1000061 1896
23 usuario18 1543147229.88 1543147242.4 12515.3000355 12416
23 usuario14 1543147229.52 1543147232.8 3282.99999237 3254
23 usuario15 1543147229.62 1543147231.89 2268.80002022 2240
23 usuario23 1543147229.88 1543147238.17 8293.69997978 8247
23 usuario19 1543147229.42 1543147239.06 9640.39993286 9540
23 usuario8 1543147229.75 1543147232.77 3020.50018311 2965
23 usuario9 1543147230.38 1543147235.93 5542.39988327 5500
23 usuario24 1543147229.49 1543147230.74 1249.59993362 1204
23 usuario6 1543147229.84 1543147236.02 6181.20002747 6079
23 usuario5 1543147229.52 1543147236.94 7419.00014877 7356
23 usuario20 1543147230.33 1543147231.46 1135.60009003 1092
23 usuario26 1543147230.37 1543147235.11 4737.10012436 4681
23 usuario4 1543147230.13 1543147235.55 5428.09987068 5325
23 usuario2 1543147229.49 1543147231.69 2203.19986343 2157
23 usuario1 1543147230.21 1543147233.14 2936.59996986 2905
23 usuario7 1543147229.73 1543147236.61 6878.80015373 6779
23 usuario10 1543147229.5 1543147234.64 5144.00005341 5058
23 usuario29 1543147230.33 1543147232.76 2432.80005455 2403
23 usuario30 1543147230.38 1543147232.79 2401.20005608 2345
23 usuario13 1543147230.1 1543147237.05 6947.40009308 6879
23 usuario17 1543147230.29 1543147231.63 1342.20004082 1302
23 usuario27 1543147229.52 1543147236.24 6717.20004082 6621
23 usuario16 1543147230.05 1543147234.68 4630.70011139 4607
23 usuario25 1543147229.77 1543147235.97 6204.80012894 6158
23 usuario22 1543147230.32 1543147231.9 1576.79986954 1530
23 usuario3 1543147230.38 1543147233.67 3288.59996796 3251
23 usuario28 1543147229.53 1543147233.36 3830.29985428 3785
23 usuario21 1543147229.39 1543147244.06 14666.200161 14568
24 usuario11 1543147244.7 1543147253.85 9154.20007706 9033
24 usuario12 1543147245.43 1543147247.71 2278.30004692 2253
24 usuario18 1543147244.58 1543147249.79 5212.10002899 5164
24 usuario14 1543147245.43 1543147275.6 30166.1999226 30001
24 usuario15 1543147244.55 1543147247.33 2772.19986916 2727
24 usuario23 1543147244.52 1543147270.85 26327.0001411 26233
24 usuario19 1543147245.38 1543147253.52 8139.69993591 8052
24 usuario8 1543147245.35 1543147250.63 5280.10010719 5230
24 usuario9 1543147245.34 1543147249.53 4190.29998779 4143
24 usuario24 1543147245.43 1543147247.04 1610.69989204 1564
24 usuario6 1543147244.49 1543147251.71 7221.69995308 7123
24 usuario5 1543147245.32 1543147248.67 3346.40002251 3295
24 usuario20 1543147245.06 1543147246.24 1180.50003052 1133
24 usuario26 1543147244.57 1543147246.69 2113.60001564 2067
24 usuario4 1543147244.97 1543147256.29 11318.8998699 11235
24 usuario2 1543147245.4 1543147249.24 3844.79999542 3794
24 usuario1 1543147244.73 1543147248.4 3664.20006752 3611
24 usuario7 1543147245.09 1543147253.12 8029.50000763 7932
24 usuario10 1543147245.09 1543147248.73 3642.09985733 3592
24 usuario29 1543147245.37 1543147248.95 3578.09996605 3526
24 usuario30 1543147244.57 1543147246.46 1887.89987564 1839
24 usuario13 1543147244.43 1543147252.03 7598.29998016 7502
24 usuario17 1543147245.26 1543147246.47 1216.89987183 1174
24 usuario27 1543147244.61 1543147254.03 9421.99993134 9325
24 usuario16 1543147245.19 1543147253.39 8199.4998455 8119
24 usuario25 1543147245.44 1543147250.18 4746.39987946 4705
24 usuario22 1543147244.56 1543147246.26 1700.79994202 1668
24 usuario3 1543147245.34 1543147258.41 13069.8001385 12974
24 usuario28 1543147244.91 1543147250.68 5773.90003204 5676
24 usuario21 1543147245.16 1543147250.73 5563.79985809 5535
25 usuario11 1543147277.05 1543147279.57 2511.89994812 2467
25 usuario12 1543147277.09 1543147280.15 3062.09993362 3019
25 usuario18 1543147277.09 1543147283.0 5910.20011902 5809
25 usuario14 1543147276.71 1543147327.3 50590.5001163 50509
25 usuario15 1543147276.62 1543147279.15 2527.80008316 2473
25 usuario23 1543147277.15 1543147280.41 3259.29999352 3222
25 usuario19 1543147276.59 1543147307.52 30930.1998615 30824
25 usuario8 1543147276.91 1543147282.79 5883.89992714 5800
25 usuario9 1543147276.78 1543147284.29 7518.19992065 7415
25 usuario24 1543147277.43 1543147279.3 1876.60002708 1829
25 usuario6 1543147277.08 1543147286.44 9364.39990997 9296
25 usuario5 1543147277.12 1543147281.22 4101.30000114 4027
25 usuario20 1543147277.53 1543147278.94 1409.50012207 1369
25 usuario26 1543147277.15 1543147278.98 1829.99992371 1782
25 usuario4 1543147277.15 1543147289.42 12266.600132 12164
25 usuario2 1543147276.64 1543147279.38 2746.70004845 2693
25 usuario1 1543147276.77 1543147278.99 2218.99986267 2172
25 usuario7 1543147277.22 1543147287.07 9852.80013084 9747
25 usuario10 1543147277.15 1543147280.86 3710.29996872 3666
25 usuario29 1543147277.27 1543147279.61 2346.7001915 2303
25 usuario30 1543147276.79 1543147278.58 1798.09999466 1773
25 usuario13 1543147277.3 1543147281.52 4222.09978104 4194
25 usuario17 1543147276.75 1543147277.91 1166.10002518 1141
25 usuario27 1543147277.08 1543147287.98 10903.5999775 10806
25 usuario16 1543147276.52 1543147280.49 3970.00002861 3919
25 usuario25 1543147277.42 1543147285.11 7691.10012054 7619
25 usuario22 1543147276.82 1543147278.88 2056.40006065 1992
25 usuario3 1543147277.49 1543147291.73 14242.8998947 14153
25 usuario28 1543147276.73 1543147288.26 11535.7000828 11446
25 usuario21 1543147276.93 1543147283.16 6228.79981995 6141
26 usuario11 1543147328.18 1543147331.61 3437.70003319 3401
26 usuario12 1543147328.44 1543147330.71 2269.79994774 2225
26 usuario18 1543147328.36 1543147358.01 29647.4001408 29571
26 usuario14 1543147328.39 1543147371.25 42859.9998951 42788
26 usuario15 1543147328.26 1543147331.38 3122.30014801 3077
26 usuario23 1543147328.5 1543147331.5 3000.69999695 2972
26 usuario19 1543147328.49 1543147346.29 17799.4000912 17689
26 usuario8 1543147327.83 1543147330.58 2742.69986153 2712
26 usuario9 1543147328.32 1543147330.68 2360.80002785 2320
26 usuario24 1543147328.56 1543147330.41 1850.80003738 1813
26 usuario6 1543147327.78 1543147345.03 17242.399931 17135
26 usuario5 1543147328.43 1543147337.13 8699.30005074 8626
26 usuario20 1543147327.98 1543147329.67 1692.50011444 1666
26 usuario26 1543147328.44 1543147331.23 2783.09988976 2719
26 usuario4 1543147328.16 1543147344.86 16700.4001141 16608
26 usuario2 1543147327.78 1543147330.32 2542.2000885 2497
26 usuario1 1543147328.36 1543147330.82 2459.59997177 2414
26 usuario7 1543147328.02 1543147340.97 12946.0999966 12834
26 usuario10 1543147328.01 1543147331.34 3329.40006256 3271
26 usuario29 1543147327.85 1543147329.03 1178.20000648 1134
26 usuario30 1543147327.71 1543147329.54 1827.3999691 1776
26 usuario13 1543147327.62 1543147333.43 5809.29994583 5767
26 usuario17 1543147328.09 1543147329.58 1492.10000038 1440
26 usuario27 1543147327.85 1543147339.88 12025.7999897 11939
26 usuario16 1543147327.68 1543147334.11 6431.09989166 6385
26 usuario25 1543147328.07 1543147331.0 2926.90014839 2892
26 usuario22 1543147328.41 1543147330.73 2326.90000534 2273
26 usuario3 1543147328.56 1543147334.0 5436.50007248 5332
26 usuario28 1543147327.87 1543147336.9 9035.70008278 8946
26 usuario21 1543147328.06 1543147349.6 21541.4998531 21435
27 usuario11 1543147371.8 1543147377.27 5471.19998932 5419
27 usuario12 1543147372.64 1543147376.05 3412.10007668 3349
27 usuario18 1543147372.64 1543147399.39 26753.000021 26650
27 usuario14 1543147372.36 1543147433.46 61096.2998867 60996
27 usuario15 1543147372.21 1543147375.32 3109.40003395 3063
27 usuario23 1543147372.28 1543147375.21 2924.20005798 2879
27 usuario19 1543147372.52 1543147376.69 4168.30015182 4137
27 usuario8 1543147371.71 1543147378.65 6937.29996681 6858
27 usuario9 1543147371.77 1543147375.94 4174.0000248 4133
27 usuario24 1543147372.39 1543147375.53 3149.00016785 3097
27 usuario6 1543147372.42 1543147378.28 5864.00008202 5764
27 usuario5 1543147371.93 1543147377.75 5823.79984856 5773
27 usuario20 1543147372.52 1543147374.11 1590.10004997 1551
27 usuario26 1543147372.34 1543147381.03 8690.79995155 8603
27 usuario4 1543147371.96 1543147375.74 3779.39987183 3742
27 usuario2 1543147372.4 1543147374.56 2158.39982033 2109
27 usuario1 1543147372.03 1543147374.27 2243.00003052 2188
27 usuario7 1543147372.55 1543147388.17 15621.0999489 15518
27 usuario10 1543147372.29 1543147375.19 2896.19994164 2853
27 usuario29 1543147372.16 1543147373.7 1547.80006409 1519
27 usuario30 1543147372.43 1543147374.51 2077.30007172 2047
27 usuario13 1543147372.31 1543147382.89 10579.4999599 10478
27 usuario17 1543147372.63 1543147374.65 2021.39997482 1993
27 usuario27 1543147372.47 1543147386.9 14432.500124 14335
27 usuario16 1543147371.78 1543147377.79 6007.69996643 5893
27 usuario25 1543147371.82 1543147375.99 4169.89994049 4130
27 usuario22 1543147371.86 1543147374.18 2318.09997559 2262
27 usuario3 1543147371.82 1543147376.2 4378.39984894 4340
27 usuario28 1543147372.33 1543147375.82 3488.19994926 3450
27 usuario21 1543147372.62 1543147375.83 3207.59987831 3166
28 usuario11 1543147434.59 1543147438.23 3643.00012589 3588
28 usuario12 1543147434.64 1543147436.65 2014.19997215 1973
28 usuario18 1543147434.0 1543147437.49 3488.29984665 3443
28 usuario14 1543147434.56 1543147439.07 4517.8000927 4492
28 usuario15 1543147434.33 1543147436.85 2526.70001984 2478
28 usuario23 1543147433.79 1543147440.17 6379.49991226 6297
28 usuario19 1543147434.53 1543147437.51 2971.89998627 2922
28 usuario8 1543147434.51 1543147438.76 4246.39987946 4200
28 usuario9 1543147433.76 1543147446.28 12518.5000896 12445
28 usuario24 1543147434.22 1543147436.67 2458.40001106 2420
28 usuario6 1543147434.02 1543147440.71 6694.30017471 6644
28 usuario5 1543147434.54 1543147438.19 3653.10001373 3594
28 usuario20 1543147433.86 1543147435.53 1674.0000248 1635
28 usuario26 1543147434.63 1543147447.69 13054.500103 12976
28 usuario4 1543147434.44 1543147441.16 6719.09999847 6641
28 usuario2 1543147434.54 1543147437.13 2582.29994774 2531
28 usuario1 1543147434.31 1543147436.68 2370.10002136 2313
28 usuario7 1543147434.35 1543147437.89 3542.59991646 3509
28 usuario10 1543147433.92 1543147437.04 3121.29998207 3080
28 usuario29 1543147434.41 1543147436.63 2220.29995918 2171
28 usuario30 1543147434.2 1543147436.08 1880.5000782 1836
28 usuario13 1543147434.28 1543147439.35 5066.90001488 4974
28 usuario17 1543147434.14 1543147437.13 2985.1000309 2945
28 usuario27 1543147433.89 1543147452.79 18897.0999718 18799
28 usuario16 1543147434.24 1543147455.27 21025.7999897 20921
28 usuario25 1543147434.66 1543147443.71 9049.99995232 8945
28 usuario22 1543147434.22 1543147435.77 1549.49998856 1477
28 usuario3 1543147434.03 1543147441.02 6990.90003967 6882
28 usuario28 1543147434.24 1543147437.72 3480.29994965 3441
28 usuario21 1543147434.46 1543147456.81 22356.099844 22236
29 usuario11 1543147458.27 1543147460.89 2619.89998817 2552
29 usuario12 1543147458.65 1543147460.63 1980.99994659 1936
29 usuario18 1543147458.48 1543147473.67 15185.6999397 15075
29 usuario14 1543147457.95 1543147460.5 2552.00004578 2513
29 usuario15 1543147457.88 1543147459.47 1595.2000618 1550
29 usuario23 1543147457.94 1543147462.01 4067.60001183 4027
29 usuario19 1543147458.62 1543147465.76 7137.60018349 7062
29 usuario8 1543147458.74 1543147462.96 4221.89998627 4175
29 usuario9 1543147457.84 1543147459.81 1970.89982033 1927
29 usuario24 1543147458.73 1543147461.14 2409.60001945 2363
29 usuario6 1543147458.53 1543147465.42 6883.29982758 6775
29 usuario5 1543147458.1 1543147462.52 4416.69988632 4367
29 usuario20 1543147458.45 1543147460.48 2033.69998932 1996
29 usuario26 1543147458.34 1543147460.97 2631.00004196 2560
29 usuario4 1543147457.88 1543147463.61 5733.99996758 5640
29 usuario2 1543147458.24 1543147461.93 3691.09988213 3642
29 usuario1 1543147458.86 1543147461.05 2188.40003014 2133
29 usuario7 1543147457.88 1543147461.72 3840.39998055 3786
29 usuario10 1543147458.16 1543147461.56 3398.29993248 3354
29 usuario29 1543147458.64 1543147462.27 3633.80002975 3583
29 usuario30 1543147458.03 1543147460.07 2040.8000946 1998
29 usuario13 1543147458.27 1543147461.86 3591.50004387 3541
29 usuario17 1543147458.25 1543147460.92 2675.60005188 2627
29 usuario27 1543147458.06 1543147466.31 8244.80009079 8127
29 usuario16 1543147458.46 1543147463.15 4694.00000572 4654
29 usuario25 1543147458.32 1543147460.88 2554.60000038 2500
29 usuario22 1543147457.82 1543147459.67 1849.60007668 1802
29 usuario3 1543147457.9 1543147461.3 3409.50012207 3356
29 usuario28 1543147458.71 1543147461.53 2818.0000782 2778
29 usuario21 1543147457.93 1543147466.18 8251.80006027 8210
30 usuario11 1543147474.57 1543147481.04 6464.20001984 6411
30 usuario12 1543147474.32 1543147476.33 2009.70005989 1971
30 usuario18 1543147474.77 1543147476.94 2174.09992218 2125
30 usuario14 1543147474.25 1543147495.59 21340.3999805 21242
30 usuario15 1543147474.2 1543147476.47 2268.39995384 2244
30 usuario23 1543147474.67 1543147478.76 4098.20008278 4063
30 usuario19 1543147474.28 1543147481.16 6883.20016861 6773
30 usuario8 1543147474.51 1543147476.83 2326.20000839 2280
30 usuario9 1543147474.53 1543147476.65 2124.49979782 2081
30 usuario24 1543147474.79 1543147477.72 2933.09998512 2885
30 usuario6 1543147474.88 1543147481.29 6409.30008888 6300
30 usuario5 1543147474.14 1543147479.95 5812.20006943 5759
30 usuario20 1543147474.07 1543147475.47 1401.90005302 1357
30 usuario26 1543147474.62 1543147476.07 1453.60016823 1404
30 usuario4 1543147474.24 1543147480.24 5995.10002136 5970
30 usuario2 1543147474.66 1543147477.79 3132.20000267 3092
30 usuario1 1543147474.8 1543147476.88 2073.19998741 2025
30 usuario7 1543147474.41 1543147482.65 8231.60004616 8175
30 usuario10 1543147474.23 1543147476.99 2764.69993591 2711
30 usuario29 1543147474.86 1543147476.36 1500.09989738 1458
30 usuario30 1543147474.7 1543147476.9 2200.29997826 2157
30 usuario13 1543147474.48 1543147480.02 5537.09983826 5496
30 usuario17 1543147474.58 1543147477.14 2566.69998169 2525
30 usuario27 1543147474.76 1543147490.27 15505.699873 15410
30 usuario16 1543147474.71 1543147479.39 4675.80008507 4634
30 usuario25 1543147474.52 1543147478.0 3478.80005836 3440
30 usuario22 1543147474.42 1543147476.34 1924.40009117 1874
30 usuario3 1543147473.99 1543147491.97 17980.0999165 17871
30 usuario28 1543147474.16 1543147478.09 3928.60007286 3890
30 usuario21 1543147474.58 1543147476.4 1821.59996033 1765
31 usuario11 1543147496.82 1543147502.9 6075.9999752 5984
31 usuario12 1543147496.21 1543147497.63 1418.99991035 1378
31 usuario18 1543147496.86 1543147501.01 4150.20012856 4091
31 usuario14 1543147496.69 1543147498.39 1701.79986954 1660
31 usuario15 1543147496.37 1543147501.31 4940.89984894 4894
31 usuario23 1543147496.57 1543147505.17 8598.09994698 8497
31 usuario19 1543147495.98 1543147503.47 7496.69981003 7412
31 usuario8 1543147496.78 1543147500.11 3330.89995384 3291
31 usuario9 1543147496.54 1543147498.73 2196.30002975 2155
31 usuario24 1543147496.61 1543147498.93 2316.40005112 2265
31 usuario6 1543147496.15 1543147502.88 6736.00006104 6640
31 usuario5 1543147496.71 1543147501.22 4509.5000267 4480
31 usuario20 1543147496.46 1543147497.66 1198.80008698 1161
31 usuario26 1543147496.04 1543147499.6 3564.80002403 3516
31 usuario4 1543147495.92 1543147504.14 8223.69980812 8132
31 usuario2 1543147496.7 1543147498.93 2236.70005798 2202
31 usuario1 1543147496.85 1543147498.82 1976.60017014 1923
31 usuario7 1543147496.31 1543147499.97 3658.09988976 3616
31 usuario10 1543147496.27 1543147500.44 4163.59996796 4136
31 usuario29 1543147496.28 1543147498.46 2182.30009079 2134
31 usuario30 1543147496.71 1543147500.07 3356.2002182 3318
31 usuario13 1543147496.9 1543147506.48 9583.99987221 9480
31 usuario17 1543147496.25 1543147497.52 1274.30009842 1232
31 usuario27 1543147496.58 1543147505.01 8429.10003662 8335
31 usuario16 1543147496.2 1543147505.15 8947.0000267 8851
31 usuario25 1543147495.95 1543147503.11 7161.7000103 7063
31 usuario22 1543147496.28 1543147501.18 4896.6999054 4854
31 usuario3 1543147496.23 1543147501.0 4769.40011978 4719
31 usuario28 1543147495.91 1543147505.53 9615.4999733 9520
31 usuario21 1543147496.31 1543147498.39 2079.59985733 2029
32 usuario11 1543147507.13 1543147510.29 3164.20006752 3115
32 usuario12 1543147507.07 1543147508.73 1665.99988937 1621
32 usuario18 1543147507.37 1543147509.06 1689.39995766 1648
32 usuario14 1543147507.9 1543147525.16 17257.999897 17173
32 usuario15 1543147507.66 1543147509.33 1665.89999199 1630
32 usuario23 1543147507.32 1543147525.21 17882.4000359 17789
32 usuario19 1543147507.72 1543147514.0 6282.50002861 6190
32 usuario8 1543147507.48 1543147509.75 2277.09984779 2230
32 usuario9 1543147507.16 1543147510.86 3706.09998703 3656
32 usuario24 1543147507.35 1543147509.67 2313.8999939 2266
32 usuario6 1543147507.21 1543147514.07 6866.09983444 6786
32 usuario5 1543147507.56 1543147520.66 13106.8999767 12996
32 usuario20 1543147507.1 1543147508.47 1367.20013618 1328
32 usuario26 1543147506.96 1543147514.05 7085.50000191 6988
32 usuario4 1543147507.33 1543147543.37 36039.7999287 35942
32 usuario2 1543147507.35 1543147509.44 2089.59984779 2039
32 usuario1 1543147507.48 1543147510.25 2763.90004158 2713
32 usuario7 1543147507.36 1543147509.75 2396.6999054 2359
32 usuario10 1543147507.82 1543147509.53 1704.69999313 1647
32 usuario29 1543147507.87 1543147510.23 2351.70006752 2324
32 usuario30 1543147507.46 1543147509.13 1669.19994354 1626
32 usuario13 1543147507.59 1543147516.68 9094.30003166 9012
32 usuario17 1543147506.96 1543147508.17 1203.09996605 1163
32 usuario27 1543147507.14 1543147527.41 20270.6000805 20182
32 usuario16 1543147507.32 1543147517.42 10102.4999619 10005
32 usuario25 1543147507.3 1543147509.68 2382.89999962 2342
32 usuario22 1543147507.5 1543147510.02 2519.20008659 2475
32 usuario3 1543147507.39 1543147509.91 2513.29994202 2446
32 usuario28 1543147507.67 1543147513.57 5895.10011673 5856
32 usuario21 1543147507.9 1543147509.48 1575.79994202 1529
33 usuario11 1543147544.04 1543147546.01 1969.30003166 1904
33 usuario12 1543147544.41 1543147545.72 1302.59990692 1253
33 usuario18 1543147544.66 1543147546.58 1924.60012436 1877
33 usuario14 1543147545.06 1543147553.5 8445.9002018 8349
33 usuario15 1543147545.03 1543147553.95 8912.49990463 8837
33 usuario23 1543147544.06 1543147546.83 2768.8999176 2728
33 usuario19 1543147544.48 1543147551.99 7512.69984245 7415
33 usuario8 1543147544.28 1543147550.06 5773.2000351 5666
33 usuario9 1543147544.36 1543147551.64 7276.90005302 7215
33 usuario24 1543147544.32 1543147546.82 2495.20015717 2448
33 usuario6 1543147544.74 1543147550.49 5751.29985809 5653
33 usuario5 1543147544.86 1543147548.99 4135.69998741 4090
33 usuario20 1543147544.95 1543147546.32 1368.30019951 1329
33 usuario26 1543147544.44 1543147547.19 2756.10017776 2693
33 usuario4 1543147544.46 1543147550.73 6277.29988098 6227
33 usuario2 1543147544.2 1543147546.39 2183.6001873 2136
33 usuario1 1543147544.1 1543147546.26 2164.49999809 2122
33 usuario7 1543147544.44 1543147561.91 17478.6999226 17378
33 usuario10 1543147544.23 1543147546.51 2270.69997787 2224
33 usuario29 1543147544.98 1543147546.19 1215.00015259 1165
33 usuario30 1543147544.75 1543147546.48 1735.1000309 1687
33 usuario13 1543147545.0 1543147550.43 5433.19988251 5311
33 usuario17 1543147544.79 1543147546.18 1382.89999962 1340
33 usuario27 1543147544.24 1543147553.28 9043.10011864 8939
33 usuario16 1543147544.66 1543147552.45 7783.59985352 7689
33 usuario25 1543147544.15 1543147549.13 4981.89997673 4943
33 usuario22 1543147544.74 1543147545.99 1248.09980392 1194
33 usuario3 1543147544.64 1543147547.03 2394.29998398 2340
33 usuario28 1543147544.91 1543147550.93 6023.09989929 5969
33 usuario21 1543147545.01 1543147548.34 3333.89997482 3293
34 usuario11 1543147562.84 1543147584.95 22107.5000763 21996
34 usuario12 1543147562.59 1543147563.97 1384.40012932 1330
34 usuario18 1543147562.33 1543147563.9 1570.09983063 1516
34 usuario14 1543147563.01 1543147565.7 2685.30011177 2643
34 usuario15 1543147562.38 1543147564.94 2552.60014534 2511
34 usuario23 1543147562.47 1543147565.17 2701.20000839 2663
34 usuario19 1543147562.52 1543147570.52 7995.49984932 7947
34 usuario8 1543147562.76 1543147566.15 3384.79995728 3331
34 usuario9 1543147562.19 1543147568.95 6762.59994507 6714
34 usuario24 1543147562.57 1543147565.3 2732.10000992 2683
34 usuario6 1543147562.08 1543147568.11 6029.10017967 5977
34 usuario5 1543147562.75 1543147565.02 2265.10000229 2207
34 usuario20 1543147562.98 1543147564.43 1453.50003242 1412
34 usuario26 1543147562.95 1543147566.02 3069.20003891 3025
34 usuario4 1543147562.24 1543147569.67 7431.30016327 7385
34 usuario2 1543147562.18 1543147564.83 2654.59990501 2607
34 usuario1 1543147563.08 1543147565.58 2498.6000061 2463
34 usuario7 1543147563.0 1543147564.81 1807.00016022 1761
34 usuario10 1543147562.35 1543147564.9 2550.80008507 2505
34 usuario29 1543147563.01 1543147564.51 1500.99992752 1457
34 usuario30 1543147562.21 1543147564.02 1804.30006981 1761
34 usuario13 1543147563.05 1543147570.29 7235.89992523 7189
34 usuario17 1543147562.9 1543147565.39 2488.30008507 2448
34 usuario27 1543147562.7 1543147578.25 15547.1999645 15448
34 usuario16 1543147562.9 1543147569.77 6868.90006065 6821
34 usuario25 1543147562.81 1543147570.75 7940.29998779 7847
34 usuario22 1543147562.75 1543147564.05 1298.40016365 1248
34 usuario3 1543147562.89 1543147566.11 3220.00002861 3169
34 usuario28 1543147562.57 1543147566.22 3656.00013733 3616
34 usuario21 1543147563.04 1543147577.07 14031.7997932 13935
35 usuario11 1543147586.04 1543147592.96 6920.50004005 6866
35 usuario12 1543147586.03 1543147587.37 1346.49991989 1302
35 usuario18 1543147585.87 1543147588.43 2565.99998474 2522
35 usuario14 1543147585.63 1543147596.49 10861.6998196 10765
35 usuario15 1543147585.91 1543147588.4 2494.29988861 2449
35 usuario23 1543147586.11 1543147588.74 2631.99996948 2585
35 usuario19 1543147585.31 1543147588.36 3053.80010605 3023
35 usuario8 1543147586.08 1543147592.43 6341.30001068 6241
35 usuario9 1543147585.85 1543147589.19 3342.99993515 3299
35 usuario24 1543147585.26 1543147587.67 2410.79998016 2360
35 usuario6 1543147586.1 1543147592.3 6200.60014725 6139
35 usuario5 1543147586.1 1543147589.72 3621.29998207 3583
35 usuario20 1543147585.35 1543147586.77 1417.00005531 1392
35 usuario26 1543147586.0 1543147587.93 1933.3999157 1882
35 usuario4 1543147585.41 1543147590.7 5289.90006447 5196
35 usuario2 1543147585.85 1543147588.07 2226.49979591 2157
35 usuario1 1543147585.54 1543147588.33 2783.30016136 2742
35 usuario7 1543147585.77 1543147599.06 13296.2999344 13212
35 usuario10 1543147585.83 1543147590.09 4258.10003281 4210
35 usuario29 1543147585.54 1543147586.74 1198.30012321 1159
35 usuario30 1543147586.09 1543147587.69 1596.79985046 1552
35 usuario13 1543147586.07 1543147594.54 8471.99988365 8364
35 usuario17 1543147585.4 1543147586.42 1019.39988136 980
35 usuario27 1543147585.57 1543147597.09 11520.6000805 11421
35 usuario16 1543147585.53 1543147589.76 4228.80005836 4180
35 usuario25 1543147585.33 1543147590.58 5250.20003319 5223
35 usuario22 1543147586.1 1543147588.33 2231.40001297 2176
35 usuario3 1543147585.17 1543147587.91 2732.1999073 2674
35 usuario28 1543147585.13 1543147589.29 4157.39989281 4115
35 usuario21 1543147585.48 1543147606.99 21517.1000957 21442
36 usuario11 1543147607.83 1543147609.8 1974.40004349 1928
36 usuario12 1543147607.33 1543147609.29 1960.20007133 1916
36 usuario18 1543147607.37 1543147609.69 2317.60001183 2260
36 usuario14 1543147608.03 1543147634.91 26877.300024 26780
36 usuario15 1543147607.4 1543147614.3 6898.29993248 6844
36 usuario23 1543147607.55 1543147610.26 2710.99996567 2669
36 usuario19 1543147607.23 1543147627.81 20575.7000446 20475
36 usuario8 1543147608.12 1543147611.46 3341.49980545 3294
36 usuario9 1543147608.08 1543147611.49 3414.79992867 3326
36 usuario24 1543147607.75 1543147609.93 2176.19991302 2118
36 usuario6 1543147608.04 1543147614.98 6937.3998642 6828
36 usuario5 1543147607.56 1543147616.92 9359.89999771 9262
36 usuario20 1543147607.65 1543147609.77 2114.2001152 2055
36 usuario26 1543147607.85 1543147610.44 2582.39984512 2531
36 usuario4 1543147607.51 1543147618.5 10984.6999645 10891
36 usuario2 1543147608.1 1543147610.2 2098.59991074 2049
36 usuario1 1543147607.23 1543147609.64 2406.80003166 2367
36 usuario7 1543147607.51 1543147630.34 22828.400135 22713
36 usuario10 1543147607.93 1543147610.41 2481.69994354 2425
36 usuario29 1543147607.67 1543147610.03 2351.6998291 2302
36 usuario30 1543147607.57 1543147609.46 1890.0001049 1844
36 usuario13 1543147608.19 1543147625.93 17739.2001152 17639
36 usuario17 1543147607.33 1543147608.94 1607.70010948 1559
36 usuario27 1543147607.57 1543147618.96 11393.8000202 11285
36 usuario16 1543147607.55 1543147611.56 4005.70011139 3952
36 usuario25 1543147607.31 1543147612.53 5226.99999809 5140
36 usuario22 1543147607.27 1543147608.85 1576.49993896 1536
36 usuario3 1543147607.94 1543147611.58 3638.40007782 3591
36 usuario28 1543147608.13 1543147610.53 2403.80001068 2362
36 usuario21 1543147608.14 1543147611.02 2877.30002403 2851
37 usuario11 1543147635.32 1543147637.93 2603.70016098 2535
37 usuario12 1543147635.52 1543147640.45 4938.19999695 4888
37 usuario18 1543147635.92 1543147652.4 16482.4998379 16381
37 usuario14 1543147636.01 1543147646.61 10598.5999107 10499
37 usuario15 1543147636.26 1543147640.98 4716.09997749 4673
37 usuario23 1543147635.36 1543147663.87 28519.299984 28364
37 usuario19 1543147636.24 1543147648.97 12735.1000309 12626
37 usuario8 1543147635.58 1543147642.77 7189.10002708 7137
37 usuario9 1543147635.65 1543147638.26 2607.89990425 2560
37 usuario24 1543147636.12 1543147638.54 2418.69997978 2373
37 usuario6 1543147635.97 1543147642.86 6888.89980316 6848
37 usuario5 1543147635.91 1543147639.17 3259.59992409 3217
37 usuario20 1543147635.88 1543147637.57 1692.39997864 1645
37 usuario26 1543147635.67 1543147638.38 2713.09995651 2682
37 usuario4 1543147636.27 1543147642.8 6534.19995308 6437
37 usuario2 1543147635.41 1543147638.83 3414.49999809 3360
37 usuario1 1543147636.24 1543147638.97 2733.00004005 2678
37 usuario7 1543147635.65 1543147637.39 1736.99998856 1690
37 usuario10 1543147635.69 1543147639.32 3633.00013542 3584
37 usuario29 1543147636.25 1543147638.24 1991.89996719 1946
37 usuario30 1543147635.57 1543147637.98 2410.20011902 2356
37 usuario13 1543147635.41 1543147642.31 6905.90000153 6807
37 usuario17 1543147636.1 1543147637.38 1278.80001068 1239
37 usuario27 1543147635.73 1543147661.31 25578.9999962 25478
37 usuario16 1543147635.63 1543147641.49 5865.90003967 5799
37 usuario25 1543147635.63 1543147665.08 29449.8999119 29353
37 usuario22 1543147636.23 1543147637.92 1682.19995499 1620
37 usuario3 1543147635.81 1543147638.72 2910.59994698 2860
37 usuario28 1543147635.66 1543147640.57 4910.79998016 4864
37 usuario21 1543147636.23 1543147665.81 29581.5000534 29479
38 usuario11 1543147666.51 1543147669.4 2896.00014687 2843
38 usuario12 1543147666.79 1543147669.08 2285.60018539 2246
38 usuario18 1543147667.1 1543147686.5 19398.2000351 19327
38 usuario14 1543147666.43 1543147688.04 21604.8998833 21482
38 usuario15 1543147667.27 1543147669.56 2294.19994354 2248
38 usuario23 1543147667.05 1543147669.32 2271.39997482 2231
38 usuario19 1543147666.94 1543147682.75 15814.8999214 15723
38 usuario8 1543147666.99 1543147672.35 5358.29997063 5314
38 usuario9 1543147666.53 1543147669.34 2806.9999218 2766
38 usuario24 1543147666.86 1543147669.08 2227.99992561 2180
38 usuario6 1543147667.01 1543147673.19 6175.69994926 6120
38 usuario5 1543147666.55 1543147673.67 7120.30005455 7038
38 usuario20 1543147666.81 1543147668.11 1300.10008812 1263
38 usuario26 1543147666.69 1543147669.09 2391.90006256 2344
38 usuario4 1543147666.89 1543147670.45 3560.89997292 3518
38 usuario2 1543147667.14 1543147670.55 3409.80005264 3362
38 usuario1 1543147666.34 1543147668.33 1989.0999794 1945
38 usuario7 1543147666.85 1543147670.56 3704.20002937 3652
38 usuario10 1543147666.68 1543147669.3 2623.29983711 2582
38 usuario29 1543147666.6 1543147667.83 1227.29992867 1127
38 usuario30 1543147667.28 1543147669.19 1909.80005264 1868
38 usuario13 1543147666.55 1543147676.38 9824.20015335 9730
38 usuario17 1543147666.67 1543147667.77 1101.7999649 1059
38 usuario27 1543147666.59 1543147684.01 17424.9000549 17326
38 usuario16 1543147666.61 1543147675.26 8650.39992332 8554
38 usuario25 1543147667.2 1543147670.35 3158.49995613 3119
38 usuario22 1543147667.33 1543147669.32 1990.20004272 1938
38 usuario3 1543147667.15 1543147675.01 7865.6001091 7772
38 usuario28 1543147666.75 1543147673.34 6589.60008621 6545
38 usuario21 1543147666.92 1543147671.1 4185.0001812 4157
39 usuario11 1543147688.57 1543147693.91 5341.90011024 5232
39 usuario12 1543147689.04 1543147691.32 2282.39989281 2238
39 usuario18 1543147688.64 1543147691.94 3303.99990082 3263
39 usuario14 1543147689.17 1543147691.84 2671.0999012 2647
39 usuario15 1543147688.39 1543147692.13 3734.59982872 3705
39 usuario23 1543147689.25 1543147698.29 9031.3000679 8938
39 usuario19 1543147689.07 1543147699.15 10080.1000595 9975
39 usuario8 1543147689.32 1543147690.81 1497.69997597 1445
39 usuario9 1543147689.25 1543147692.61 3361.70005798 3320
39 usuario24 1543147688.98 1543147691.33 2345.99995613 2296
39 usuario6 1543147688.96 1543147695.54 6585.89982986 6481
39 usuario5 1543147688.44 1543147699.17 10722.1000195 10637
39 usuario20 1543147689.0 1543147690.35 1350.30007362 1311
39 usuario26 1543147689.08 1543147691.25 2168.29991341 2137
39 usuario4 1543147689.32 1543147692.7 3380.80000877 3339
39 usuario2 1543147688.46 1543147691.18 2717.70000458 2687
39 usuario1 1543147688.79 1543147691.52 2734.20000076 2684
39 usuario7 1543147688.54 1543147690.01 1469.69985962 1419
39 usuario10 1543147689.25 1543147690.31 1058.79998207 1012
39 usuario29 1543147688.83 1543147690.64 1819.70000267 1770
39 usuario30 1543147689.09 1543147690.74 1658.99991989 1614
39 usuario13 1543147688.97 1543147695.6 6624.50003624 6581
39 usuario17 1543147688.64 1543147689.89 1243.49999428 1204
39 usuario27 1543147689.3 1543147698.02 8721.60005569 8620
39 usuario16 1543147688.89 1543147693.89 5001.80006027 4957
39 usuario25 1543147689.17 1543147691.46 2282.50002861 2243
39 usuario22 1543147689.33 1543147690.94 1606.49991035 1560
39 usuario3 1543147688.75 1543147690.55 1800.79984665 1755
39 usuario28 1543147688.97 1543147691.99 3018.30005646 2979
39 usuario21 1543147689.07 1543147692.82 3750.69999695 3704
40 usuario11 1543147700.26 1543147703.71 3447.49999046 3399
40 usuario12 1543147699.7 1543147701.87 2173.90012741 2121
40 usuario18 1543147700.35 1543147704.31 3959.69986916 3936
40 usuario14 1543147700.26 1543147723.53 23265.8998966 23162
40 usuario15 1543147699.51 1543147701.12 1606.49991035 1558
40 usuario23 1543147699.38 1543147706.36 6975.29983521 6919
40 usuario19 1543147700.25 1543147706.34 6086.99989319 6041
40 usuario8 1543147700.32 1543147704.09 3767.49992371 3725
40 usuario9 1543147700.0 1543147702.55 2549.29995537 2506
40 usuario24 1543147699.73 1543147701.85 2121.59991264 2076
40 usuario6 1543147699.77 1543147711.41 11639.8999691 11551
40 usuario5 1543147700.25 1543147702.76 2511.10005379 2473
40 usuario20 1543147699.77 1543147702.54 2766.20006561 2728
40 usuario26 1543147699.63 1543147702.42 2782.60016441 2735
40 usuario4 1543147700.05 1543147703.65 3597.6998806 3557
40 usuario2 1543147699.58 1543147701.69 2108.60013962 2053
40 usuario1 1543147700.05 1543147702.91 2860.89992523 2813
40 usuario7 1543147699.48 1543147700.41 935.099840164 890
40 usuario10 1543147699.78 1543147701.96 2179.19993401 2130
40 usuario29 1543147700.17 1543147705.86 5684.80014801 5588
40 usuario30 1543147700.18 1543147702.21 2026.89981461 1982
40 usuario13 1543147699.84 1543147709.97 10137.3000145 10030
40 usuario17 1543147699.4 1543147700.82 1418.09988022 1392
40 usuario27 1543147700.18 1543147709.11 8925.89998245 8831
40 usuario16 1543147700.21 1543147705.32 5107.39994049 5051
40 usuario25 1543147699.86 1543147702.87 3011.39998436 2963
40 usuario22 1543147700.43 1543147703.39 2954.79989052 2913
40 usuario3 1543147700.07 1543147705.28 5205.20019531 5142
40 usuario28 1543147700.36 1543147703.35 2988.60001564 2943
40 usuario21 1543147700.22 1543147717.36 17138.7000084 17023
41 usuario11 1543147724.91 1543147727.53 2625.60009956 2571
41 usuario12 1543147724.93 1543147726.9 1966.49980545 1925
41 usuario18 1543147725.5 1543147732.69 7194.49996948 7093
41 usuario14 1543147724.62 1543147731.21 6594.39992905 6546
41 usuario15 1543147725.35 1543147727.67 2324.69987869 2281
41 usuario23 1543147725.27 1543147726.31 1036.30018234 998
41 usuario19 1543147725.41 1543147741.55 16138.3998394 16052
41 usuario8 1543147725.14 1543147731.22 6087.89992332 6030
41 usuario9 1543147724.53 1543147726.59 2056.10013008 2010
41 usuario24 1543147724.95 1543147727.27 2323.19998741 2278
41 usuario6 1543147725.07 1543147731.16 6091.80021286 6042
41 usuario5 1543147724.92 1543147728.5 3576.99990273 3520
41 usuario20 1543147724.5 1543147725.79 1287.49990463 1242
41 usuario26 1543147724.46 1543147727.06 2594.30003166 2533
41 usuario4 1543147724.68 1543147728.48 3803.50017548 3740
41 usuario2 1543147724.83 1543147726.82 1989.49980736 1943
41 usuario1 1543147725.0 1543147727.41 2412.00017929 2358
41 usuario7 1543147724.65 1543147726.34 1690.79995155 1660
41 usuario10 1543147725.13 1543147726.51 1377.70009041 1332
41 usuario29 1543147724.82 1543147726.07 1253.30018997 1206
41 usuario30 1543147725.32 1543147727.65 2325.70004463 2280
41 usuario13 1543147724.76 1543147727.86 3103.69992256 3074
41 usuario17 1543147724.99 1543147726.28 1292.00005531 1247
41 usuario27 1543147724.93 1543147731.51 6579.60009575 6482
41 usuario16 1543147725.25 1543147734.84 9595.70002556 9498
41 usuario25 1543147724.9 1543147733.08 8172.80006409 8073
41 usuario22 1543147725.43 1543147726.98 1551.5999794 1512
41 usuario3 1543147725.3 1543147728.21 2915.29989243 2863
41 usuario28 1543147725.22 1543147730.66 5441.69998169 5399
41 usuario21 1543147724.67 1543147748.85 24176.89991 24074
42 usuario11 1543147749.62 1543147751.94 2325.00004768 2267
42 usuario12 1543147750.02 1543147751.52 1494.19999123 1445
42 usuario18 1543147750.53 1543147755.9 5367.40016937 5272
42 usuario14 1543147750.08 1543147761.83 11746.7999458 11635
42 usuario15 1543147749.78 1543147751.62 1836.70020103 1784
42 usuario23 1543147750.34 1543147751.76 1421.29993439 1394
42 usuario19 1543147749.93 1543147754.57 4642.40002632 4588
42 usuario8 1543147750.11 1543147754.39 4288.1000042 4256
42 usuario9 1543147749.66 1543147752.18 2522.30000496 2449
42 usuario24 1543147750.33 1543147752.37 2038.50007057 1989
42 usuario6 1543147750.05 1543147756.49 6437.3998642 6333
42 usuario5 1543147749.51 1543147756.38 6868.60013008 6755
42 usuario20 1543147749.78 1543147751.52 1737.90001869 1698
42 usuario26 1543147750.27 1543147755.0 4725.39997101 4695
42 usuario4 1543147750.52 1543147754.53 4012.39991188 3963
42 usuario2 1543147750.03 1543147752.02 1990.40007591 1940
42 usuario1 1543147750.48 1543147753.03 2557.79981613 2502
42 usuario7 1543147749.62 1543147751.03 1406.10003471 1361
42 usuario10 1543147749.75 1543147750.81 1064.70012665 1002
42 usuario29 1543147750.27 1543147752.34 2072.79992104 2017
42 usuario30 1543147749.7 1543147751.07 1373.69990349 1332
42 usuario13 1543147749.9 1543147758.62 8719.30003166 8622
42 usuario17 1543147750.35 1543147751.33 989.400148392 945
42 usuario27 1543147750.34 1543147759.61 9264.7998333 9172
42 usuario16 1543147750.5 1543147753.6 3104.39991951 3063
42 usuario25 1543147749.83 1543147761.55 11722.4998474 11614
42 usuario22 1543147750.1 1543147752.86 2751.40023232 2710
42 usuario3 1543147750.36 1543147768.86 18501.3000965 18394
42 usuario28 1543147750.5 1543147753.94 3434.60011482 3396
42 usuario21 1543147749.94 1543147755.51 5563.60006332 5534
43 usuario11 1543147770.01 1543147772.64 2629.59980965 2574
43 usuario12 1543147770.38 1543147772.64 2264.80007172 2222
43 usuario18 1543147769.56 1543147771.3 1735.89992523 1707
43 usuario14 1543147770.25 1543147775.93 5681.50019646 5585
43 usuario15 1543147770.57 1543147777.2 6631.60014153 6543
43 usuario23 1543147769.56 1543147770.8 1238.20018768 1191
43 usuario19 1543147770.43 1543147779.25 8813.10009956 8723
43 usuario8 1543147770.21 1543147774.56 4351.09996796 4298
43 usuario9 1543147770.02 1543147772.56 2540.70019722 2493
43 usuario24 1543147770.2 1543147772.51 2303.50017548 2271
43 usuario6 1543147770.21 1543147780.37 10158.9999199 10057
43 usuario5 1543147770.09 1543147773.3 3213.59992027 3167
43 usuario20 1543147770.37 1543147772.03 1662.69993782 1618
43 usuario26 1543147769.76 1543147777.44 7679.70013618 7641
43 usuario4 1543147770.29 1543147772.42 2132.999897 2080
43 usuario2 1543147769.92 1543147773.58 3660.3000164 3606
43 usuario1 1543147769.87 1543147772.65 2778.00011635 2742
43 usuario7 1543147770.0 1543147771.12 1120.39995193 1066
43 usuario10 1543147769.72 1543147771.0 1283.30016136 1238
43 usuario29 1543147770.23 1543147771.43 1203.00006866 1154
43 usuario30 1543147769.96 1543147772.24 2276.90005302 2235
43 usuario13 1543147770.19 1543147774.07 3887.49980927 3845
43 usuario17 1543147770.13 1543147771.14 1006.99996948 962
43 usuario27 1543147770.14 1543147784.35 14208.1999779 14108
43 usuario16 1543147770.43 1543147773.14 2707.49998093 2641
43 usuario25 1543147769.92 1543147773.27 3351.7999649 3308
43 usuario22 1543147769.73 1543147771.78 2054.10003662 2014
43 usuario3 1543147769.96 1543147773.24 3280.10010719 3226
43 usuario28 1543147769.59 1543147773.29 3698.60005379 3654
43 usuario21 1543147770.27 1543147773.12 2850.6000042 2809
44 usuario11 1543147785.3 1543147788.5 3196.39992714 3147
44 usuario12 1543147785.21 1543147787.27 2057.89995193 2001
44 usuario18 1543147785.01 1543147808.65 23640.2001381 23561
44 usuario14 1543147785.4 1543147788.22 2818.30000877 2754
44 usuario15 1543147785.62 1543147788.48 2859.30013657 2810
44 usuario23 1543147785.46 1543147786.47 1006.99996948 969
44 usuario19 1543147785.58 1543147794.59 9004.09984589 8900
44 usuario8 1543147785.11 1543147788.6 3485.80002785 3455
44 usuario9 1543147785.14 1543147790.85 5708.50014687 5662
44 usuario24 1543147785.09 1543147788.19 3101.7999649 3051
44 usuario6 1543147785.61 1543147792.87 7260.20002365 7159
44 usuario5 1543147784.92 1543147788.82 3902.00018883 3842
44 usuario20 1543147784.6 1543147785.77 1167.00005531 1123
44 usuario26 1543147784.88 1543147788.33 3447.90005684 3388
44 usuario4 1543147785.02 1543147790.98 5954.40006256 5877
44 usuario2 1543147785.18 1543147787.21 2033.59985352 1987
44 usuario1 1543147785.32 1543147787.72 2398.99992943 2350
44 usuario7 1543147784.82 1543147785.98 1158.00023079 1104
44 usuario10 1543147784.74 1543147787.78 3038.39993477 2995
44 usuario29 1543147785.13 1543147786.26 1127.39992142 1079
44 usuario30 1543147784.8 1543147786.19 1382.49993324 1336
44 usuario13 1543147785.61 1543147788.54 2931.10013008 2880
44 usuario17 1543147784.72 1543147786.01 1289.09993172 1249
44 usuario27 1543147785.45 1543147795.51 10067.0001507 9989
44 usuario16 1543147784.69 1543147792.0 7307.39998817 7203
44 usuario25 1543147784.77 1543147788.33 3559.49997902 3519
44 usuario22 1543147785.43 1543147787.16 1726.70006752 1681
44 usuario3 1543147784.83 1543147786.45 1623.80003929 1574
44 usuario28 1543147784.79 1543147789.25 4455.80005646 4413
44 usuario21 1543147784.74 1543147786.14 1397.90010452 1356
45 usuario11 1543147810.56 1543147814.75 4187.3998642 4135
45 usuario12 1543147810.37 1543147812.3 1931.80012703 1890
45 usuario18 1543147809.76 1543147812.67 2911.29994392 2881
45 usuario14 1543147810.17 1543147830.98 20805.7000637 20706
45 usuario15 1543147810.47 1543147812.26 1790.99988937 1743
45 usuario23 1543147809.68 1543147810.88 1195.89996338 1171
45 usuario19 1543147810.47 1543147817.73 7261.0001564 7159
45 usuario8 1543147810.59 1543147814.46 3870.70012093 3823
45 usuario9 1543147809.72 1543147812.52 2795.50004005 2740
45 usuario24 1543147810.23 1543147812.56 2324.9001503 2280
45 usuario6 1543147809.76 1543147818.71 8954.69999313 8859
45 usuario5 1543147809.89 1543147816.59 6695.9002018 6622
45 usuario20 1543147809.82 1543147811.25 1427.80017853 1393
45 usuario26 1543147810.45 1543147821.45 11004.4000149 10890
45 usuario4 1543147809.89 1543147814.76 4864.70007896 4814
45 usuario2 1543147810.42 1543147812.64 2216.39990807 2142
45 usuario1 1543147809.9 1543147812.29 2386.80005074 2326
45 usuario7 1543147810.22 1543147811.08 861.000061035 814
45 usuario10 1543147809.96 1543147811.02 1067.30008125 1022
45 usuario29 1543147810.35 1543147811.46 1105.00001907 1058
45 usuario30 1543147810.23 1543147812.0 1769.00005341 1728
45 usuario13 1543147809.7 1543147819.31 9610.49985886 9537
45 usuario17 1543147810.13 1543147811.21 1074.29981232 1035
45 usuario27 1543147810.16 1543147823.15 12997.1001148 12887
45 usuario16 1543147809.92 1543147841.03 31104.3000221 31002
45 usuario25 1543147810.41 1543147812.89 2474.2000103 2420
45 usuario22 1543147810.33 1543147812.12 1792.70005226 1733
45 usuario3 1543147809.67 1543147812.24 2572.30019569 2529
45 usuario28 1543147810.12 1543147815.21 5085.90006828 5033
45 usuario21 1543147810.16 1543147826.88 16720.2999592 16622
46 usuario11 1543147842.05 1543147845.09 3044.60000992 2982
46 usuario12 1543147841.78 1543147844.55 2768.99981499 2738
46 usuario18 1543147842.27 1543147860.83 18560.7998371 18458
46 usuario14 1543147842.51 1543147855.24 12728.3000946 12635
46 usuario15 1543147842.76 1543147846.22 3460.79993248 3419
46 usuario23 1543147842.37 1543147843.48 1105.20005226 1078
46 usuario19 1543147841.9 1543147854.45 12552.5999069 12445
46 usuario8 1543147841.74 1543147846.34 4597.30005264 4569
46 usuario9 1543147841.97 1543147843.78 1818.50004196 1779
46 usuario24 1543147841.86 1543147843.98 2124.60017204 2076
46 usuario6 1543147842.01 1543147848.03 6026.19981766 5974
46 usuario5 1543147841.94 1543147849.74 7798.09999466 7679
46 usuario20 1543147842.62 1543147844.15 1522.40014076 1477
46 usuario26 1543147842.46 1543147845.73 3273.3001709 3229
46 usuario4 1543147842.04 1543147848.13 6095.00002861 5990
46 usuario2 1543147842.14 1543147844.18 2040.60006142 1992
46 usuario1 1543147841.84 1543147844.19 2354.09998894 2300
46 usuario7 1543147842.66 1543147843.93 1272.19986916 1221
46 usuario10 1543147842.52 1543147844.26 1746.99997902 1703
46 usuario29 1543147841.88 1543147842.85 965.600013733 917
46 usuario30 1543147842.29 1543147843.84 1548.09999466 1501
46 usuario13 1543147842.48 1543147848.73 6254.80008125 6211
46 usuario17 1543147842.62 1543147843.65 1027.1999836 974
46 usuario27 1543147842.04 1543147854.28 12243.2999611 12140
46 usuario16 1543147842.12 1543147844.65 2532.19985962 2506
46 usuario25 1543147842.15 1543147845.76 3609.60006714 3566
46 usuario22 1543147842.69 1543147844.3 1611.00006104 1566
46 usuario3 1543147841.74 1543147843.75 2013.79990578 1962
46 usuario28 1543147842.43 1543147847.03 4606.89997673 4564
46 usuario21 1543147842.63 1543147863.17 20547.3001003 20450
47 usuario11 1543147864.05 1543147868.11 4064.09978867 4002
47 usuario12 1543147864.58 1543147872.05 7468.60003471 7419
47 usuario18 1543147864.0 1543147890.44 26437.9999638 26343
47 usuario14 1543147864.66 1543147867.97 3306.10013008 3254
47 usuario15 1543147864.13 1543147865.84 1706.59995079 1661
47 usuario23 1543147864.38 1543147869.73 5344.50006485 5307
47 usuario19 1543147863.92 1543147867.12 3196.09999657 3133
47 usuario8 1543147864.13 1543147866.71 2578.9000988 2526
47 usuario9 1543147864.81 1543147867.41 2596.69995308 2551
47 usuario24 1543147863.89 1543147866.11 2218.40000153 2170
47 usuario6 1543147863.91 1543147869.7 5789.30020332 5756
47 usuario5 1543147864.46 1543147877.36 12896.7001438 12795
47 usuario20 1543147864.14 1543147865.72 1579.69999313 1542
47 usuario26 1543147864.6 1543147867.67 3066.80011749 3027
47 usuario4 1543147863.82 1543147868.36 4540.49992561 4498
47 usuario2 1543147864.22 1543147866.34 2125.79989433 2080
47 usuario1 1543147864.24 1543147866.2 1959.20014381 1908
47 usuario7 1543147863.99 1543147865.3 1303.49993706 1255
47 usuario10 1543147864.34 1543147867.01 2672.09982872 2627
47 usuario29 1543147863.89 1543147865.11 1226.50003433 1177
47 usuario30 1543147864.73 1543147866.06 1328.99999619 1270
47 usuario13 1543147864.47 1543147874.82 10354.5000553 10250
47 usuario17 1543147864.65 1543147865.87 1227.80013084 1182
47 usuario27 1543147864.81 1543147871.66 6849.49994087 6805
47 usuario16 1543147864.57 1543147868.54 3967.70000458 3915
47 usuario25 1543147864.66 1543147866.1 1433.20012093 1390
47 usuario22 1543147864.27 1543147866.33 2069.29993629 2032
47 usuario3 1543147864.75 1543147867.39 2640.39993286 2592
47 usuario28 1543147864.79 1543147873.91 9121.80018425 9039
47 usuario21 1543147864.27 1543147868.16 3888.70000839 3831
48 usuario11 1543147891.36 1543147895.71 4357.69987106 4311
48 usuario12 1543147890.98 1543147897.36 6385.9000206 6288
48 usuario18 1543147891.54 1543147918.68 27143.4001923 27060
48 usuario14 1543147891.11 1543147893.13 2016.60013199 1969
48 usuario15 1543147890.99 1543147893.83 2843.19996834 2800
48 usuario23 1543147891.76 1543147892.94 1177.09994316 1137
48 usuario19 1543147891.34 1543147896.99 5646.70014381 5587
48 usuario8 1543147890.99 1543147894.38 3386.50012016 3329
48 usuario9 1543147891.56 1543147893.82 2261.29984856 2218
48 usuario24 1543147891.24 1543147893.38 2139.70017433 2090
48 usuario6 1543147891.86 1543147898.22 6355.60011864 6311
48 usuario5 1543147890.99 1543147894.94 3948.69995117 3897
48 usuario20 1543147891.86 1543147893.61 1752.39992142 1707
48 usuario26 1543147891.74 1543147894.0 2257.80010223 2226
48 usuario4 1543147891.37 1543147895.91 4545.50004005 4501
48 usuario2 1543147891.64 1543147893.8 2155.99989891 2111
48 usuario1 1543147891.39 1543147893.61 2213.99998665 2174
48 usuario7 1543147891.55 1543147896.31 4755.59997559 4702
48 usuario10 1543147891.33 1543147892.74 1407.29999542 1359
48 usuario29 1543147891.34 1543147892.45 1114.39990997 1063
48 usuario30 1543147891.16 1543147892.93 1772.90010452 1729
48 usuario13 1543147891.7 1543147903.63 11927.9000759 11829
48 usuario17 1543147891.09 1543147892.05 959.199905396 914
48 usuario27 1543147891.55 1543147907.91 16365.2999401 16268
48 usuario16 1543147891.72 1543147922.79 31062.5 30985
48 usuario25 1543147891.19 1543147894.23 3042.0999527 3002
48 usuario22 1543147891.64 1543147894.5 2862.49995232 2813
48 usuario3 1543147891.61 1543147894.12 2518.50008965 2472
48 usuario28 1543147890.84 1543147898.71 7864.69984055 7771
48 usuario21 1543147891.24 1543147898.53 7294.00014877 7199
49 usuario11 1543147923.11 1543147926.36 3245.59998512 3210
49 usuario12 1543147923.54 1543147926.8 3260.49995422 3213
49 usuario18 1543147922.91 1543147941.49 18576.2000084 18484
49 usuario14 1543147923.69 1543147938.23 14537.9998684 14439
49 usuario15 1543147923.36 1543147926.52 3161.29994392 3132
49 usuario23 1543147923.2 1543147925.19 1990.90003967 1946
49 usuario19 1543147923.25 1543147929.36 6107.10000992 6007
49 usuario8 1543147923.85 1543147926.44 2585.7000351 2541
49 usuario9 1543147923.19 1543147929.4 6211.80009842 6111
49 usuario24 1543147923.83 1543147926.13 2298.30002785 2251
49 usuario6 1543147923.49 1543147930.1 6609.60006714 6534
49 usuario5 1543147923.22 1543147929.23 6009.20009613 5889
49 usuario20 1543147922.9 1543147924.32 1419.49987411 1391
49 usuario26 1543147923.41 1543147925.42 2005.5000782 1937
49 usuario4 1543147923.13 1543147926.61 3480.29994965 3436
49 usuario2 1543147923.13 1543147924.98 1855.99994659 1785
49 usuario1 1543147923.0 1543147925.64 2641.00003242 2588
49 usuario7 1543147923.75 1543147936.49 12741.8999672 12678
49 usuario10 1543147923.24 1543147926.36 3125.69999695 3074
49 usuario29 1543147922.92 1543147924.66 1744.89998817 1709
49 usuario30 1543147923.25 1543147925.4 2147.79996872 2101
49 usuario13 1543147923.62 1543147936.8 13177.8998375 13083
49 usuario17 1543147923.6 1543147924.71 1110.19992828 1083
49 usuario27 1543147923.59 1543147932.35 8763.09990883 8670
49 usuario16 1543147923.92 1543147927.63 3705.49988747 3680
49 usuario25 1543147923.51 1543147929.11 5603.50012779 5563
49 usuario22 1543147923.94 1543147927.58 3638.10014725 3585
49 usuario3 1543147923.62 1543147931.66 8036.29994392 7925
49 usuario28 1543147923.77 1543147928.7 4935.80007553 4893
49 usuario21 1543147923.74 1543147930.77 7031.50010109 6946
50 usuario11 1543147942.14 1543147952.89 10752.3999214 10661
50 usuario12 1543147942.58 1543147943.74 1163.30003738 1117
50 usuario18 1543147942.6 1543147953.77 11177.5000095 11065
50 usuario14 1543147942.44 1543147955.48 13031.5999985 12928
50 usuario15 1543147942.37 1543147944.03 1652.80008316 1605
50 usuario23 1543147942.94 1543147944.65 1708.19997787 1660
50 usuario19 1543147942.02 1543147948.47 6446.39992714 6412
50 usuario8 1543147942.2 1543147945.4 3202.89993286 3157
50 usuario9 1543147942.01 1543147944.18 2169.10004616 2115
50 usuario24 1543147942.84 1543147945.41 2568.79997253 2515
50 usuario6 1543147942.79 1543147951.57 8775.20012856 8662
50 usuario5 1543147942.93 1543147951.05 8121.59991264 8019
50 usuario20 1543147942.07 1543147944.21 2140.70010185 2097
50 usuario26 1543147942.2 1543147953.56 11358.9000702 11262
50 usuario4 1543147942.29 1543147944.7 2405.99989891 2351
50 usuario2 1543147942.02 1543147944.72 2704.90002632 2655
50 usuario1 1543147942.56 1543147944.85 2288.80000114 2255
50 usuario7 1543147942.88 1543147946.51 3634.09996033 3603
50 usuario10 1543147942.14 1543147947.17 5032.29999542 4954
50 usuario29 1543147942.53 1543147943.68 1151.49998665 1107
50 usuario30 1543147942.26 1543147957.09 14834.100008 14730
50 usuario13 1543147942.06 1543147948.69 6637.20011711 6542
50 usuario17 1543147942.5 1543147943.37 872.900009155 831
50 usuario27 1543147942.89 1543147949.07 6180.70006371 6124
50 usuario16 1543147942.34 1543147945.36 3018.80002022 2975
50 usuario25 1543147942.79 1543147945.91 3119.10009384 3079
50 usuario22 1543147942.42 1543147945.79 3372.60007858 3340
50 usuario3 1543147942.19 1543147943.93 1740.00000954 1685
50 usuario28 1543147942.29 1543147949.46 7164.59989548 7067
50 usuario21 1543147942.39 1543147949.4 7001.60002708 6953
