round user time_start time_end time_php time_js
1 usuario13 1462274359.6 1462274359.57 -28.5999774933 18220
1 usuario2 1462274360.06 1462274355.85 -4205.69992065 14974
1 usuario15 1462274359.79 1462274350.49 -9306.60009384 9365
1 usuario6 1462274360.07 1462274343.58 -16488.3000851 2625
1 usuario16 1462274359.66 1462274344.18 -15473.6001492 2957
1 usuario12 1462274360.32 1462274344.87 -15455.2998543 3788
1 usuario14 1462274360.4 1462274344.93 -15477.1001339 3624
1 usuario5 1462274359.62 1462274354.43 -5189.70012665 13034
1 usuario11 1462274359.66 1462274346.27 -13394.600153 5546
1 usuario3 1462274360.22 1462274349.94 -10286.0000134 8642
1 usuario7 1462274360.12 1462274352.87 -7244.4999218 11945
1 usuario10 1462274359.66 1462274347.22 -12436.9001389 6027
1 usuario4 1462274359.68 1462274357.57 -2108.5999012 16971
1 usuario9 1462274359.85 1462274356.72 -3128.9999485 15772
1 usuario1 1462274360.27 1462274346.66 -13607.3000431 5181
1 usuario8 1462274359.92 1462274359.88 -32.900094986 19008
2 usuario13 1462274391.37 1462274373.83 -17542.8001881 13163
2 usuario2 1462274390.82 1462274390.79 -33.6999893188 29647
2 usuario15 1462274391.17 1462274366.45 -24719.9001312 5603
2 usuario6 1462274391.29 1462274368.59 -22703.2999992 7446
2 usuario16 1462274390.9 1462274363.11 -27784.6999168 2389
2 usuario12 1462274391.25 1462274377.83 -13415.9998894 16421
2 usuario14 1462274391.03 1462274370.34 -20695.8999634 8852
2 usuario5 1462274391.31 1462274371.75 -19560.6000423 11079
2 usuario11 1462274391.06 1462274367.28 -23774.7001648 6562
2 usuario3 1462274391.26 1462274377.82 -13437.4001026 16535
2 usuario7 1462274391.1 1462274377.69 -13412.9998684 16507
2 usuario10 1462274391.25 1462274367.42 -23829.9000263 6703
2 usuario4 1462274391.01 1462274379.63 -11376.3999939 18900
2 usuario9 1462274390.84 1462274376.43 -14414.4999981 15524
2 usuario1 1462274390.89 1462274371.01 -19886.7001534 9642
2 usuario8 1462274390.85 1462274373.34 -17510.60009 12335
3 usuario13 1462274419.46 1462274403.0 -16461.9998932 10572
3 usuario2 1462274419.4 1462274404.72 -14684.0000153 12808
3 usuario15 1462274418.97 1462274404.56 -14411.7999077 12329
3 usuario6 1462274419.43 1462274397.84 -21595.7999229 5489
3 usuario16 1462274419.53 1462274393.78 -25749.7999668 1820
3 usuario12 1462274419.51 1462274411.24 -8265.50006866 18937
3 usuario14 1462274419.02 1462274401.52 -17504.3001175 9430
3 usuario5 1462274419.3 1462274400.76 -18541.8999195 8388
3 usuario11 1462274418.62 1462274399.04 -19576.800108 6926
3 usuario3 1462274419.01 1462274405.6 -13411.5998745 13281
3 usuario7 1462274418.87 1462274407.5 -11369.4999218 15349
3 usuario10 1462274418.89 1462274414.73 -4161.49997711 22419
3 usuario4 1462274418.61 1462274418.57 -38.5999679565 26510
3 usuario9 1462274418.87 1462274415.72 -3150.7999897 23816
3 usuario1 1462274419.49 1462274400.6 -18891.4999962 8607
3 usuario8 1462274419.12 1462274404.69 -14431.9000244 12781
4 usuario13 1462274445.84 1462274429.33 -16512.3000145 8810
4 usuario2 1462274446.48 1462274433.98 -12507.2999001 13467
4 usuario15 1462274446.21 1462274427.67 -18539.4001007 7644
4 usuario6 1462274445.71 1462274430.24 -15465.0001526 9753
4 usuario16 1462274446.46 1462274421.76 -24698.10009 1183
4 usuario12 1462274446.61 1462274435.27 -11342.2999382 14712
4 usuario14 1462274445.63 1462274431.2 -14430.4997921 11121
4 usuario5 1462274445.99 1462274430.48 -15511.4998817 10112
4 usuario11 1462274446.04 1462274431.59 -14448.7998486 11919
4 usuario3 1462274445.86 1462274433.48 -12383.9998245 13407
4 usuario7 1462274445.72 1462274435.4 -10322.0999241 15472
4 usuario10 1462274446.46 1462274431.0 -15463.2999897 11054
4 usuario4 1462274446.11 1462274431.68 -14427.2999763 11989
4 usuario9 1462274445.85 1462274443.74 -2108.50000381 23816
4 usuario1 1462274446.13 1462274426.28 -19849.2000103 5715
4 usuario8 1462274445.7 1462274445.67 -30.100107193 25464
5 usuario13 1462274474.44 1462274454.83 -19605.6001186 7938
5 usuario2 1462274473.91 1462274460.32 -13588.4997845 12754
5 usuario15 1462274474.6 1462274474.55 -44.3999767303 27293
5 usuario6 1462274474.36 1462274450.7 -23659.1999531 2677
5 usuario16 1462274473.81 1462274450.14 -23666.1000252 2628
5 usuario12 1462274474.61 1462274455.92 -18693.0999756 8256
5 usuario14 1462274474.48 1462274454.91 -19566.4999485 8229
5 usuario5 1462274473.84 1462274454.21 -19627.7999878 7151
5 usuario11 1462274473.76 1462274449.95 -23809.6001148 2861
5 usuario3 1462274474.3 1462274466.04 -8262.80021667 19129
5 usuario7 1462274473.97 1462274456.45 -17528.5999775 9667
5 usuario10 1462274473.71 1462274454.13 -19583.5001469 6587
5 usuario4 1462274474.62 1462274456.09 -18528.8000107 8924
5 usuario9 1462274474.46 1462274456.92 -17537.1000767 10009
5 usuario1 1462274473.64 1462274453.76 -19874.0000725 6537
5 usuario8 1462274473.92 1462274450.25 -23674.200058 3472
6 usuario13 1462274491.39 1462274484.14 -7242.59996414 8579
6 usuario2 1462274491.1 1462274477.33 -13774.3999958 2336
6 usuario15 1462274490.86 1462274489.78 -1079.90002632 14096
6 usuario6 1462274491.59 1462274485.38 -6208.69994164 9953
6 usuario16 1462274491.47 1462274477.03 -14446.0999966 2167
6 usuario12 1462274490.8 1462274483.56 -7242.79999733 7892
6 usuario14 1462274491.22 1462274487.06 -4165.19999504 11523
6 usuario5 1462274491.6 1462274484.35 -7252.40015984 9454
6 usuario11 1462274491.71 1462274478.27 -13442.6999092 3451
6 usuario3 1462274490.82 1462274487.68 -3139.09983635 12323
6 usuario7 1462274491.13 1462274491.1 -35.1002216339 16054
6 usuario10 1462274490.96 1462274490.93 -32.7000617981 16156
6 usuario4 1462274491.49 1462274487.33 -4162.60004044 11652
6 usuario9 1462274491.02 1462274479.6 -11414.899826 4025
6 usuario1 1462274490.86 1462274486.66 -4203.59992981 11936
6 usuario8 1462274491.1 1462274478.62 -12480.9999466 3642
7 usuario13 1462274511.89 1462274503.64 -8252.89988518 11196
7 usuario2 1462274512.3 1462274512.27 -29.4001102448 20087
7 usuario15 1462274512.25 1462274497.79 -14467.2000408 5873
7 usuario6 1462274512.28 1462274496.84 -15444.7000027 4198
7 usuario16 1462274512.0 1462274495.51 -16482.8000069 2986
7 usuario12 1462274512.59 1462274499.18 -13407.0000648 7312
7 usuario14 1462274512.54 1462274503.25 -9287.30010986 10974
7 usuario5 1462274512.58 1462274500.2 -12389.1000748 7541
7 usuario11 1462274512.15 1462274498.75 -13403.4998417 5971
7 usuario3 1462274512.55 1462274496.08 -16474.3001461 4208
7 usuario7 1462274511.75 1462274502.44 -9314.19992447 10219
7 usuario10 1462274512.5 1462274501.14 -11355.8001518 9093
7 usuario4 1462274511.78 1462274511.75 -30.4000377655 19201
7 usuario9 1462274512.57 1462274504.31 -8263.79990578 12234
7 usuario1 1462274512.3 1462274496.6 -15698.10009 4667
7 usuario8 1462274512.1 1462274494.59 -17519.0999508 2430
8 usuario13 1462274528.39 1462274527.31 -1076.69997215 14367
8 usuario2 1462274528.12 1462274519.73 -8387.60018349 6369
8 usuario15 1462274528.69 1462274523.51 -5185.40000916 10199
8 usuario6 1462274528.73 1462274515.33 -13398.0998993 1998
8 usuario16 1462274528.31 1462274514.88 -13425.3001213 1831
8 usuario12 1462274528.06 1462274520.83 -7231.80007935 7181
8 usuario14 1462274528.39 1462274522.17 -6221.79985046 8567
8 usuario5 1462274528.17 1462274519.89 -8277.10008621 6193
8 usuario11 1462274528.21 1462274515.84 -12373.8000393 2638
8 usuario3 1462274528.18 1462274517.86 -10323.0001926 4240
8 usuario7 1462274528.03 1462274524.88 -3141.70002937 12080
8 usuario10 1462274528.69 1462274520.41 -8276.49998665 6853
8 usuario4 1462274527.93 1462274518.61 -9312.79993057 5751
8 usuario9 1462274528.64 1462274528.61 -33.4000587463 14982
8 usuario1 1462274527.95 1462274521.63 -6319.29993629 8243
8 usuario8 1462274528.74 1462274516.34 -12397.600174 3188
9 usuario13 1462274550.32 1462274547.19 -3126.80006027 17740
9 usuario2 1462274550.64 1462274535.98 -14662.6999378 6780
9 usuario15 1462274549.9 1462274541.63 -8274.00016785 11878
9 usuario6 1462274550.69 1462274532.09 -18594.8998928 2313
9 usuario16 1462274550.73 1462274531.17 -19562.0000362 1809
9 usuario12 1462274550.1 1462274531.38 -18714.4999504 2265
9 usuario14 1462274550.25 1462274550.21 -35.7999801636 20768
9 usuario5 1462274550.1 1462274549.01 -1090.50011635 19788
9 usuario11 1462274550.69 1462274532.14 -18548.0000973 2878
9 usuario3 1462274550.35 1462274532.84 -17506.0999393 3603
9 usuario7 1462274550.8 1462274538.43 -12372.699976 9345
9 usuario10 1462274550.63 1462274535.12 -15518.599987 5373
9 usuario4 1462274550.61 1462274545.43 -5180.50003052 16375
9 usuario9 1462274550.78 1462274537.35 -13426.4001846 7630
9 usuario1 1462274549.99 1462274536.26 -13723.0000496 7232
9 usuario8 1462274550.35 1462274537.95 -12404.2000771 8145
10 usuario13 1462274577.06 1462274565.71 -11348.9999771 14335
10 usuario2 1462274577.6 1462274557.54 -20059.499979 5821
10 usuario15 1462274577.37 1462274577.34 -33.9999198914 26378
10 usuario6 1462274577.49 1462274554.75 -22736.9000912 3010
10 usuario16 1462274577.65 1462274552.95 -24697.5998878 1169
10 usuario12 1462274577.72 1462274554.04 -23680.7000637 2883
10 usuario14 1462274577.51 1462274566.16 -11347.9001522 14827
10 usuario5 1462274577.23 1462274559.72 -17515.1998997 8553
10 usuario11 1462274577.1 1462274556.35 -20750.7998943 4602
10 usuario3 1462274577.16 1462274555.54 -21625.6999969 4124
10 usuario7 1462274577.86 1462274563.39 -14468.4000015 11528
10 usuario10 1462274577.02 1462274567.73 -9290.60006142 16038
10 usuario4 1462274577.61 1462274556.89 -20726.7999649 5214
10 usuario9 1462274577.76 1462274564.35 -13401.0000229 12498
10 usuario1 1462274577.8 1462274569.41 -8388.29994202 18287
10 usuario8 1462274577.78 1462274555.03 -22749.0999699 3629
11 usuario13 1462274597.04 1462274592.88 -4161.40007973 14759
11 usuario2 1462274597.07 1462274585.54 -11535.0999832 6855
11 usuario15 1462274597.25 1462274597.22 -33.9999198914 18768
11 usuario6 1462274597.21 1462274586.89 -10318.7999725 8347
11 usuario16 1462274597.41 1462274580.93 -16485.2998257 2226
11 usuario12 1462274597.92 1462274581.45 -16470.2999592 2680
11 usuario14 1462274597.06 1462274581.55 -15510.1001263 2996
11 usuario5 1462274597.69 1462274589.43 -8265.59996605 11118
11 usuario11 1462274596.97 1462274583.58 -13396.6999054 5420
11 usuario3 1462274597.64 1462274581.16 -16488.9998436 2941
11 usuario7 1462274597.63 1462274593.47 -4159.30008888 14563
11 usuario10 1462274597.59 1462274584.17 -13426.9998074 6084
11 usuario4 1462274597.5 1462274587.18 -10319.2999363 8518
11 usuario9 1462274596.97 1462274590.75 -6220.29995918 11937
11 usuario1 1462274597.11 1462274586.62 -10489.39991 7735
11 usuario8 1462274597.07 1462274581.61 -15457.7999115 2769
12 usuario13 1462274624.62 1462274608.12 -16498.5001087 10005
12 usuario2 1462274624.98 1462274601.14 -23832.7000141 2997
12 usuario15 1462274624.77 1462274624.74 -27.899980545 26402
12 usuario6 1462274624.18 1462274605.65 -18530.9000015 7387
12 usuario16 1462274624.98 1462274600.29 -24692.0998096 1823
12 usuario12 1462274624.87 1462274605.23 -19635.2000237 6253
12 usuario14 1462274624.53 1462274600.79 -23738.0998135 2671
12 usuario5 1462274624.03 1462274608.58 -15450.5999088 9831
12 usuario11 1462274625.0 1462274603.32 -21676.500082 5290
12 usuario3 1462274624.48 1462274617.23 -7245.69988251 18536
12 usuario7 1462274624.06 1462274607.58 -16482.5999737 8886
12 usuario10 1462274624.36 1462274602.73 -21631.5999031 4084
12 usuario4 1462274624.51 1462274604.84 -19676.1000156 6275
12 usuario9 1462274624.74 1462274612.37 -12372.4000454 14349
12 usuario1 1462274624.63 1462274601.49 -23136.8000507 3302
12 usuario8 1462274624.54 1462274599.84 -24697.7000237 1718
13 usuario13 1462274643.07 1462274638.91 -4153.90014648 13240
13 usuario2 1462274643.65 1462274629.95 -13697.2999573 3901
13 usuario15 1462274643.47 1462274639.31 -4160.00008583 13450
13 usuario6 1462274644.01 1462274637.8 -6209.59997177 12563
13 usuario16 1462274643.77 1462274627.23 -16538.3000374 1199
13 usuario12 1462274643.27 1462274630.89 -12377.8998852 4964
13 usuario14 1462274643.79 1462274628.33 -15461.9998932 2687
13 usuario5 1462274643.36 1462274629.87 -13495.1000214 4780
13 usuario11 1462274643.12 1462274637.92 -5194.00000572 11807
13 usuario3 1462274644.06 1462274638.87 -5194.39983368 13332
13 usuario7 1462274643.09 1462274638.93 -4166.79978371 13810
13 usuario10 1462274643.35 1462274630.97 -12379.5998096 5548
13 usuario4 1462274643.06 1462274627.41 -15646.8999386 1842
13 usuario9 1462274643.23 1462274643.2 -28.6998748779 17404
13 usuario1 1462274643.06 1462274632.61 -10442.8999424 6845
13 usuario8 1462274643.37 1462274628.92 -14453.099966 3327
14 usuario13 1462274661.31 1462274659.21 -2101.90010071 15054
14 usuario2 1462274661.14 1462274650.65 -10489.700079 5904
14 usuario15 1462274661.17 1462274654.96 -6206.20012283 10416
14 usuario6 1462274661.34 1462274652.96 -8376.10006332 7899
14 usuario16 1462274661.86 1462274646.41 -15453.099966 1582
14 usuario12 1462274661.25 1462274652.98 -8261.80005074 8662
14 usuario14 1462274661.84 1462274647.41 -14432.2001934 2525
14 usuario5 1462274661.22 1462274646.77 -14449.3000507 2290
14 usuario11 1462274661.1 1462274649.72 -11386.6000175 5518
14 usuario3 1462274661.43 1462274652.13 -9299.80015755 6985
14 usuario7 1462274661.25 1462274661.23 -26.7000198364 17045
14 usuario10 1462274661.83 1462274646.37 -15464.6999836 1955
14 usuario4 1462274661.64 1462274652.35 -9289.59989548 8200
14 usuario9 1462274661.53 1462274655.32 -6211.00020409 11008
14 usuario1 1462274661.29 1462274656.02 -5267.59982109 11842
14 usuario8 1462274661.3 1462274650.98 -10322.799921 6526
15 usuario13 1462274690.82 1462274668.16 -22661.3998413 5793
15 usuario2 1462274690.32 1462274683.0 -7326.90000534 20744
15 usuario15 1462274690.33 1462274690.3 -36.1001491547 28071
15 usuario6 1462274690.55 1462274667.94 -22609.400034 5499
15 usuario16 1462274691.16 1462274664.39 -26769.0000534 1476
15 usuario12 1462274690.87 1462274668.18 -22690.5999184 5871
15 usuario14 1462274691.14 1462274666.26 -24880.5000782 3361
15 usuario5 1462274690.31 1462274673.81 -16500.0998974 11534
15 usuario11 1462274690.37 1462274663.64 -26729.0999889 1481
15 usuario3 1462274690.76 1462274665.94 -24825.3002167 3454
15 usuario7 1462274690.34 1462274678.99 -11357.6998711 16655
15 usuario10 1462274690.34 1462274672.73 -17611.000061 9824
15 usuario4 1462274690.38 1462274687.25 -3135.80012321 24553
15 usuario9 1462274690.54 1462274678.17 -12368.3998585 15564
15 usuario1 1462274690.68 1462274664.57 -26111.000061 2192
15 usuario8 1462274690.34 1462274664.62 -25721.0998535 2260
16 usuario13 1462274702.88 1462274700.77 -2109.9998951 8902
16 usuario2 1462274702.51 1462274698.33 -4180.90009689 6921
16 usuario15 1462274702.58 1462274702.55 -33.8001251221 11142
16 usuario6 1462274703.1 1462274698.94 -4160.50004959 7341
16 usuario16 1462274702.58 1462274694.31 -8271.39997482 2094
16 usuario12 1462274702.33 1462274694.0 -8333.29987526 2069
16 usuario14 1462274702.66 1462274695.43 -7230.79991341 3237
16 usuario5 1462274703.08 1462274694.81 -8267.69995689 3448
16 usuario11 1462274702.43 1462274693.14 -9293.20001602 1717
16 usuario3 1462274702.9 1462274695.64 -7260.50019264 3821
16 usuario7 1462274703.1 1462274700.99 -2109.40003395 9595
16 usuario10 1462274702.69 1462274693.2 -9487.90001869 1811
16 usuario4 1462274703.19 1462274696.95 -6243.70002747 5513
16 usuario9 1462274703.1 1462274703.08 -28.8999080658 11487
16 usuario1 1462274702.85 1462274698.64 -4208.60004425 6873
16 usuario8 1462274702.33 1462274693.04 -9289.2999649 1644
17 usuario13 1462274717.9 1462274713.75 -4152.69994736 9814
17 usuario2 1462274717.38 1462274707.94 -9432.39998817 4360
17 usuario15 1462274717.85 1462274708.49 -9361.6001606 4828
17 usuario6 1462274717.75 1462274708.38 -9365.70000648 4225
17 usuario16 1462274717.45 1462274705.1 -12359.7998619 1460
17 usuario12 1462274717.99 1462274704.58 -13412.3001099 1193
17 usuario14 1462274718.03 1462274706.62 -11406.899929 2915
17 usuario5 1462274717.55 1462274711.34 -6210.69979668 7204
17 usuario11 1462274718.15 1462274708.87 -9281.10003471 5374
17 usuario3 1462274718.07 1462274715.95 -2117.30003357 11930
17 usuario7 1462274717.74 1462274706.4 -11337.8000259 2246
17 usuario10 1462274717.35 1462274710.11 -7241.79983139 6359
17 usuario4 1462274717.32 1462274706.99 -10328.1002045 2743
17 usuario9 1462274718.25 1462274718.21 -37.4000072479 14021
17 usuario1 1462274717.78 1462274712.51 -5271.6999054 8567
17 usuario8 1462274717.92 1462274705.55 -12365.8998013 2165
18 usuario13 1462274746.28 1462274727.74 -18540.6999588 8781
18 usuario2 1462274746.26 1462274746.22 -40.8999919891 27758
18 usuario15 1462274745.48 1462274725.9 -19576.9000053 6998
18 usuario6 1462274746.29 1462274733.91 -12375.2000332 15116
18 usuario16 1462274745.64 1462274719.76 -25882.2000027 1252
18 usuario12 1462274746.0 1462274722.3 -23697.5998878 3258
18 usuario14 1462274746.2 1462274722.52 -23683.5999489 3431
18 usuario5 1462274745.38 1462274722.73 -22651.0000229 4126
18 usuario11 1462274745.41 1462274723.67 -21735.5999947 4471
18 usuario3 1462274745.43 1462274725.87 -19557.5997829 6745
18 usuario7 1462274746.1 1462274730.65 -15455.1000595 11843
18 usuario10 1462274745.77 1462274731.31 -14466.7000771 12896
18 usuario4 1462274745.8 1462274721.11 -24695.499897 2731
18 usuario9 1462274746.28 1462274732.88 -13401.599884 13547
18 usuario1 1462274746.1 1462274721.02 -25081.9001198 2173
18 usuario8 1462274745.9 1462274729.39 -16510.3001595 10418
19 usuario13 1462274768.85 1462274753.4 -15455.6000233 6061
19 usuario2 1462274769.03 1462274754.39 -14642.0998573 7052
19 usuario15 1462274768.45 1462274768.41 -43.6999797821 21878
19 usuario6 1462274768.49 1462274754.07 -14426.500082 6715
19 usuario16 1462274769.13 1462274749.5 -19623.1000423 2812
19 usuario12 1462274769.02 1462274749.46 -19559.5998764 2403
19 usuario14 1462274768.49 1462274750.98 -17511.4998817 3737
19 usuario5 1462274769.31 1462274751.79 -17518.1000233 5349
19 usuario11 1462274769.04 1462274749.49 -19552.9000759 2968
19 usuario3 1462274768.56 1462274750.97 -17592.1001434 4482
19 usuario7 1462274769.06 1462274758.75 -10309.2999458 11589
19 usuario10 1462274768.55 1462274752.06 -16486.2000942 5233
19 usuario4 1462274768.64 1462274749.02 -19624.2001057 2161
19 usuario9 1462274769.04 1462274767.96 -1078.799963 20634
19 usuario1 1462274768.46 1462274749.55 -18918.8997746 2348
19 usuario8 1462274768.44 1462274750.87 -17568.0999756 3911
20 usuario13 1462274784.52 1462274784.49 -28.3000469208 14584
20 usuario2 1462274784.68 1462274772.0 -12676.7001152 1891
20 usuario15 1462274785.3 1462274783.19 -2104.20012474 13663
20 usuario6 1462274784.64 1462274772.26 -12376.8999577 2716
20 usuario16 1462274784.79 1462274771.37 -13421.200037 1182
20 usuario12 1462274785.35 1462274773.9 -11452.7001381 3823
20 usuario14 1462274784.72 1462274772.35 -12377.4001598 2799
20 usuario5 1462274784.54 1462274774.22 -10322.9000568 3862
20 usuario11 1462274785.38 1462274771.96 -13415.0998592 1868
20 usuario3 1462274785.03 1462274773.69 -11340.0001526 4063
20 usuario7 1462274785.33 1462274782.19 -3142.69995689 12072
20 usuario10 1462274785.01 1462274777.76 -7248.00014496 8155
20 usuario4 1462274784.74 1462274772.36 -12378.2999516 2662
20 usuario9 1462274784.97 1462274783.89 -1084.1999054 13788
20 usuario1 1462274785.3 1462274770.63 -14674.2999554 1082
20 usuario8 1462274785.04 1462274771.49 -13558.7999821 1991
21 usuario13 1462274798.55 1462274798.52 -33.6000919342 12914
21 usuario2 1462274799.18 1462274787.69 -11496.69981 1931
21 usuario15 1462274799.19 1462274792.98 -6212.09979057 6636
21 usuario6 1462274799.27 1462274786.89 -12379.999876 1192
21 usuario16 1462274799.14 1462274786.68 -12455.8000565 838
21 usuario12 1462274798.8 1462274788.47 -10329.4000626 2013
21 usuario14 1462274799.19 1462274788.86 -10327.4002075 3081
21 usuario5 1462274799.43 1462274789.11 -10317.2001839 3510
21 usuario11 1462274798.71 1462274788.39 -10325.7000446 1956
21 usuario3 1462274799.4 1462274793.19 -6205.3000927 7112
21 usuario7 1462274799.16 1462274790.88 -8283.49995613 4491
21 usuario10 1462274798.7 1462274793.52 -5181.79988861 7452
21 usuario4 1462274798.92 1462274792.71 -6213.80019188 6912
21 usuario9 1462274799.31 1462274796.19 -3127.20012665 10152
21 usuario1 1462274798.59 1462274788.02 -10577.1000385 1632
21 usuario8 1462274799.04 1462274795.92 -3123.39997292 9794
22 usuario13 1462274819.52 1462274809.2 -10325.0999451 9566
22 usuario2 1462274818.63 1462274802.97 -15668.200016 2706
22 usuario15 1462274818.88 1462274818.85 -33.0998897552 18595
22 usuario6 1462274819.35 1462274802.86 -16490.4000759 2545
22 usuario16 1462274818.66 1462274801.07 -17585.2999687 877
22 usuario12 1462274819.48 1462274801.97 -17506.8001747 2110
22 usuario14 1462274818.68 1462274803.23 -15453.2999992 2989
22 usuario5 1462274818.56 1462274804.12 -14439.5999908 3641
22 usuario11 1462274818.84 1462274805.44 -13405.9998989 5670
22 usuario3 1462274819.47 1462274805.01 -14463.5999203 4556
22 usuario7 1462274818.94 1462274809.64 -9299.0000248 9421
22 usuario10 1462274818.86 1462274802.36 -16494.8999882 2596
22 usuario4 1462274819.02 1462274802.53 -16493.5998917 2551
22 usuario9 1462274819.11 1462274811.84 -7264.60003853 11473
22 usuario1 1462274819.04 1462274802.28 -16763.9000416 2607
22 usuario8 1462274819.39 1462274805.98 -13418.0998802 5876
23 usuario13 1462274842.89 1462274830.51 -12378.7000179 9929
23 usuario2 1462274843.48 1462274822.53 -20949.5999813 2829
23 usuario15 1462274843.52 1462274827.04 -16478.8999557 7078
23 usuario6 1462274842.62 1462274824.0 -18620.2998161 3595
23 usuario16 1462274843.17 1462274821.48 -21693.5999393 1769
23 usuario12 1462274842.85 1462274822.08 -20764.1999722 1552
23 usuario14 1462274842.92 1462274826.46 -16457.2000504 6690
23 usuario5 1462274843.22 1462274839.06 -4157.49979019 19444
23 usuario11 1462274843.48 1462274821.81 -21669.0001488 1910
23 usuario3 1462274843.36 1462274823.66 -19691.9999123 3112
23 usuario7 1462274843.5 1462274838.31 -5192.79980659 18302
23 usuario10 1462274843.52 1462274827.03 -16487.9999161 7113
23 usuario4 1462274842.71 1462274825.2 -17508.300066 5125
23 usuario9 1462274843.21 1462274843.18 -31.0001373291 23015
23 usuario1 1462274842.61 1462274822.73 -19874.5000362 2611
23 usuario8 1462274843.56 1462274822.95 -20614.5999432 2494
24 usuario13 1462274859.49 1462274856.36 -3131.70003891 12415
24 usuario2 1462274858.87 1462274851.54 -7333.70018005 6983
24 usuario15 1462274859.63 1462274858.54 -1084.1999054 13967
24 usuario6 1462274859.39 1462274853.17 -6227.19979286 9490
24 usuario16 1462274859.23 1462274845.82 -13418.2999134 1594
24 usuario12 1462274859.06 1462274846.63 -12431.800127 2723
24 usuario14 1462274858.73 1462274848.41 -10315.8998489 4440
24 usuario5 1462274859.26 1462274849.96 -9296.80013657 5684
24 usuario11 1462274859.35 1462274845.95 -13401.900053 1390
24 usuario3 1462274858.72 1462274848.3 -10419.0001488 3880
24 usuario7 1462274858.99 1462274850.69 -8292.0999527 6133
24 usuario10 1462274859.47 1462274852.23 -7238.60001564 7652
24 usuario4 1462274859.02 1462274846.64 -12378.2999516 2878
24 usuario9 1462274859.23 1462274859.2 -31.8999290466 14905
24 usuario1 1462274858.95 1462274855.77 -3170.59993744 12094
24 usuario8 1462274859.57 1462274854.37 -5194.39983368 9756
25 usuario13 1462274889.98 1462274868.38 -21605.8001518 7826
25 usuario2 1462274890.24 1462274863.04 -27203.400135 3094
25 usuario15 1462274890.62 1462274890.59 -34.1000556946 29900
25 usuario6 1462274889.94 1462274864.23 -25716.4001465 3781
25 usuario16 1462274889.74 1462274861.96 -27781.3000679 1666
25 usuario12 1462274890.45 1462274861.65 -28796.4000702 1463
25 usuario14 1462274890.32 1462274865.63 -24689.1999245 5845
25 usuario5 1462274890.13 1462274868.53 -21600.5001068 8210
25 usuario11 1462274890.51 1462274872.99 -17511.2001896 12585
25 usuario3 1462274890.32 1462274871.76 -18566.4999485 11977
25 usuario7 1462274889.73 1462274869.92 -19806.1001301 9789
25 usuario10 1462274890.14 1462274862.34 -27802.9999733 1790
25 usuario4 1462274889.7 1462274861.75 -27943.8998699 1674
25 usuario9 1462274890.14 1462274872.64 -17495.8000183 12337
25 usuario1 1462274890.07 1462274862.86 -27203.5000324 2833
25 usuario8 1462274890.05 1462274863.23 -26819.8001385 2610
26 usuario13 1462274919.42 1462274899.86 -19555.4001331 8826
26 usuario2 1462274919.62 1462274894.66 -24954.9000263 3345
26 usuario15 1462274919.25 1462274919.22 -29.7999382019 27522
26 usuario6 1462274918.83 1462274894.13 -24695.6999302 3136
26 usuario16 1462274919.56 1462274891.78 -27784.8000526 973
26 usuario12 1462274919.11 1462274893.39 -25725.3000736 1885
26 usuario14 1462274919.36 1462274894.66 -24704.0998936 3282
26 usuario5 1462274919.16 1462274894.46 -24699.3000507 3276
26 usuario11 1462274919.69 1462274893.97 -25722.4998474 2407
26 usuario3 1462274919.27 1462274896.64 -22624.8998642 5266
26 usuario7 1462274919.22 1462274903.76 -15457.7999115 12970
26 usuario10 1462274919.46 1462274893.72 -25742.2997952 2516
26 usuario4 1462274919.48 1462274892.7 -26777.60005 1947
26 usuario9 1462274919.16 1462274905.76 -13402.6999474 14568
26 usuario1 1462274919.57 1462274893.36 -26213.2000923 2208
26 usuario8 1462274919.18 1462274894.48 -24697.4999905 3377
27 usuario13 1462274949.72 1462274931.2 -18523.9999294 10723
27 usuario2 1462274949.34 1462274925.38 -23959.3999386 4681
27 usuario15 1462274948.86 1462274948.83 -32.4001312256 28503
27 usuario6 1462274949.31 1462274920.53 -28787.8000736 644
27 usuario16 1462274949.09 1462274922.35 -26742.000103 1719
27 usuario12 1462274948.83 1462274924.7 -24134.7000599 4533
27 usuario14 1462274949.53 1462274925.68 -23849.1001129 5256
27 usuario5 1462274949.56 1462274931.65 -17912.4000072 11405
27 usuario11 1462274949.14 1462274922.39 -26753.9999485 1647
27 usuario3 1462274949.06 1462274923.14 -25911.9999409 2822
27 usuario7 1462274949.83 1462274932.29 -17535.5000496 12015
27 usuario10 1462274949.23 1462274936.84 -12391.9000626 16323
27 usuario4 1462274949.35 1462274925.68 -23671.0000038 5154
27 usuario9 1462274949.79 1462274936.38 -13409.6000195 16155
27 usuario1 1462274948.99 1462274923.72 -25267.6000595 3056
27 usuario8 1462274949.57 1462274939.26 -10314.1999245 19025
28 usuario13 1462274979.66 1462274961.15 -18513.8998032 10335
28 usuario2 1462274978.99 1462274952.78 -26208.1000805 2350
28 usuario15 1462274979.41 1462274979.39 -26.4999866486 29418
28 usuario6 1462274979.22 1462274961.72 -17497.300148 11349
28 usuario16 1462274979.54 1462274951.78 -27761.7001534 1625
28 usuario12 1462274979.46 1462274953.74 -25720.8001614 3848
28 usuario14 1462274979.22 1462274953.46 -25762.1998787 2878
28 usuario5 1462274979.42 1462274954.72 -24700.5999088 4109
28 usuario11 1462274979.86 1462274953.0 -26860.2998257 2807
28 usuario3 1462274979.16 1462274954.46 -24704.9999237 4341
28 usuario7 1462274979.82 1462274962.31 -17505.1000118 11401
28 usuario10 1462274979.4 1462274951.61 -27794.4998741 1323
28 usuario4 1462274979.08 1462274956.47 -22612.2000217 6037
28 usuario9 1462274979.3 1462274973.09 -6209.10000801 22248
28 usuario1 1462274979.33 1462274953.06 -26275.5000591 2930
28 usuario8 1462274978.91 1462274958.33 -20583.6999416 7701
29 usuario13 1462275008.92 1462274990.4 -18525.3999233 9684
29 usuario2 1462275008.99 1462274982.81 -26182.8999519 2733
29 usuario15 1462275009.47 1462275009.44 -38.1999015808 28944
29 usuario6 1462275009.81 1462274983.02 -26794.8999405 2749
29 usuario16 1462275009.65 1462274981.87 -27779.2999744 1274
29 usuario12 1462275009.56 1462274982.8 -26752.7000904 2286
29 usuario14 1462275009.51 1462274983.8 -25708.799839 3530
29 usuario5 1462275008.98 1462274994.57 -14413.20014 14094
29 usuario11 1462275009.37 1462274983.57 -25799.7000217 2652
29 usuario3 1462275009.47 1462274982.69 -26771.600008 2479
29 usuario7 1462275009.2 1462274992.72 -16481.6999435 11800
29 usuario10 1462275008.98 1462274982.21 -26768.6998844 1760
29 usuario4 1462275009.87 1462274984.24 -25630.699873 4099
29 usuario9 1462275009.13 1462274997.78 -11347.5000858 17397
29 usuario1 1462275009.63 1462274983.34 -26286.5998745 2877
29 usuario8 1462275009.13 1462274983.34 -25794.1999435 3372
30 usuario13 1462275038.76 1462275019.22 -19539.4001007 8213
30 usuario2 1462275038.07 1462275017.12 -20944.0999031 7010
30 usuario15 1462275038.54 1462275038.51 -31.7001342773 27954
30 usuario6 1462275038.77 1462275014.08 -24690.6998158 3215
30 usuario16 1462275038.67 1462275012.92 -25753.9000511 2217
30 usuario12 1462275038.06 1462275013.36 -24700.9000778 2756
30 usuario14 1462275038.87 1462275014.18 -24691.2000179 3615
30 usuario5 1462275038.54 1462275015.88 -22656.3999653 5842
30 usuario11 1462275038.21 1462275013.52 -24691.2000179 3093
30 usuario3 1462275038.93 1462275013.18 -25750.2999306 2658
30 usuario7 1462275038.45 1462275019.91 -18543.4000492 9647
30 usuario10 1462275038.55 1462275013.82 -24729.7000885 3781
30 usuario4 1462275038.52 1462275014.86 -23661.7999077 3948
30 usuario9 1462275038.39 1462275030.12 -8268.30005646 19938
30 usuario1 1462275038.45 1462275013.22 -25220.7000256 2508
30 usuario8 1462275038.08 1462275012.16 -25918.4999466 1975
31 usuario13 1462275069.94 1462275050.28 -19669.6999073 10460
31 usuario2 1462275069.89 1462275047.87 -22015.3000355 8732
31 usuario15 1462275069.71 1462275069.67 -34.900188446 30047
31 usuario6 1462275069.16 1462275043.44 -25719.5999622 3607
31 usuario16 1462275069.97 1462275041.55 -28422.6999283 1824
31 usuario12 1462275069.62 1462275040.85 -28776.7999172 1730
31 usuario14 1462275070.05 1462275042.29 -27762.4998093 2359
31 usuario5 1462275069.73 1462275046.06 -23670.7999706 6469
31 usuario11 1462275069.42 1462275041.65 -27768.5000896 2391
31 usuario3 1462275069.83 1462275042.04 -27789.2999649 2055
31 usuario7 1462275069.21 1462275041.3 -27908.4999561 1800
31 usuario10 1462275069.52 1462275044.81 -24709.9997997 5167
31 usuario4 1462275069.19 1462275044.48 -24700.3002167 4904
31 usuario9 1462275069.25 1462275065.1 -4150.7999897 25653
31 usuario1 1462275069.08 1462275041.83 -27246.999979 2312
31 usuario8 1462275070.09 1462275050.52 -19569.3998337 11380
32 usuario13 1462275099.48 1462275077.77 -21703.7000656 6770
32 usuario2 1462275100.45 1462275074.04 -26407.0999622 3021
32 usuario15 1462275100.19 1462275100.16 -35.2001190186 29375
32 usuario6 1462275100.43 1462275074.72 -25708.7001801 4517
32 usuario16 1462275100.22 1462275073.46 -26762.5000477 2424
32 usuario12 1462275100.61 1462275072.78 -27834.3000412 2098
32 usuario14 1462275100.66 1462275076.97 -23684.0000153 5872
32 usuario5 1462275100.96 1462275077.26 -23709.2001438 6463
32 usuario11 1462275101.06 1462275073.29 -27770.9000111 2813
32 usuario3 1462275100.59 1462275073.84 -26756.1001778 2949
32 usuario7 1462275100.47 1462275073.69 -26782.4001312 3426
32 usuario10 1462275100.52 1462275073.75 -26768.1000233 3177
32 usuario4 1462275101.06 1462275072.27 -28794.3999767 2025
32 usuario9 1462275100.47 1462275074.77 -25707.7000141 4466
32 usuario1 1462275101.08 1462275071.55 -29529.2999744 1387
32 usuario8 1462275100.35 1462275076.69 -23658.8001251 5547
33 usuario13 1462275130.42 1462275108.78 -21641.600132 7563
33 usuario2 1462275130.81 1462275105.73 -25078.5000324 4162
33 usuario15 1462275130.32 1462275130.29 -28.3999443054 29020
33 usuario6 1462275130.31 1462275102.55 -27764.6999359 1064
33 usuario16 1462275130.52 1462275102.63 -27887.3000145 1360
33 usuario12 1462275131.2 1462275104.46 -26740.9999371 2791
33 usuario14 1462275131.15 1462275111.59 -19562.3998642 9878
33 usuario5 1462275130.68 1462275122.41 -8271.900177 20386
33 usuario11 1462275130.55 1462275103.78 -26773.9999294 1668
33 usuario3 1462275130.67 1462275104.95 -25719.399929 3297
33 usuario7 1462275130.47 1462275120.15 -10324.3000507 18613
33 usuario10 1462275130.83 1462275110.23 -20599.9000072 8649
33 usuario4 1462275130.72 1462275108.0 -22726.0000706 5882
33 usuario9 1462275130.26 1462275130.22 -34.8999500275 28691
33 usuario1 1462275130.76 1462275114.02 -16737.9000187 11838
33 usuario8 1462275130.81 1462275112.25 -18557.6999187 10823
34 usuario13 1462275160.39 1462275144.94 -15447.0000267 13456
34 usuario2 1462275161.23 1462275136.08 -25151.2999535 4191
34 usuario15 1462275160.39 1462275160.36 -35.3999137878 28963
34 usuario6 1462275160.65 1462275135.95 -24696.8998909 4581
34 usuario16 1462275160.33 1462275133.56 -26768.4998512 1988
34 usuario12 1462275160.72 1462275133.98 -26740.3998375 1715
34 usuario14 1462275160.91 1462275147.51 -13391.4999962 15268
34 usuario5 1462275160.17 1462275138.56 -21614.700079 6822
34 usuario11 1462275160.32 1462275133.48 -26837.9001617 1878
34 usuario3 1462275161.22 1462275136.53 -24687.7999306 4813
34 usuario7 1462275160.97 1462275142.44 -18533.2999229 10906
34 usuario10 1462275159.54 1462275134.73 -24814.800024 2844
34 usuario4 1462275161.1 1462275134.34 -26756.2000751 2506
34 usuario9 1462275160.43 1462275144.35 -16081.799984 13016
34 usuario1 1462275160.84 1462275133.64 -27201.9999027 1809
34 usuario8 1462275161.23 1462275135.5 -25735.3000641 3635
35 usuario13 1462275192.64 1462275173.04 -19606.3001156 11590
35 usuario2 1462275193.1 1462275165.95 -27152.0001888 3642
35 usuario15 1462275193.14 1462275193.1 -37.0001792908 31629
35 usuario6 1462275192.48 1462275172.91 -19569.3998337 11186
35 usuario16 1462275193.27 1462275164.46 -28806.4000607 3083
35 usuario12 1462275192.71 1462275169.04 -23673.500061 7226
35 usuario14 1462275193.04 1462275173.45 -19587.3999596 11496
35 usuario5 1462275193.21 1462275169.54 -23666.8000221 8214
35 usuario11 1462275192.59 1462275163.78 -28814.6998882 2408
35 usuario3 1462275192.38 1462275164.6 -27782.3998928 2328
35 usuario7 1462275192.61 1462275173.04 -19569.9000359 11007
35 usuario10 1462275192.44 1462275177.98 -14459.5000744 16115
35 usuario4 1462275193.34 1462275164.39 -28942.9998398 2233
35 usuario9 1462275192.84 1462275172.27 -20571.7999935 10781
35 usuario1 1462275193.04 1462275163.68 -29358.399868 1763
35 usuario8 1462275193.11 1462275172.51 -20602.9000282 10219
36 usuario13 1462275220.9 1462275202.36 -18534.89995 8666
36 usuario2 1462275221.32 1462275201.46 -19858.5999012 7273
36 usuario15 1462275221.38 1462275221.35 -35.7000827789 27129
36 usuario6 1462275220.86 1462275199.21 -21650.4001617 5680
36 usuario16 1462275220.59 1462275195.85 -24739.5000458 1528
36 usuario12 1462275221.31 1462275197.64 -23672.6999283 3876
36 usuario14 1462275221.28 1462275206.86 -14426.8000126 12758
36 usuario5 1462275221.39 1462275200.79 -20599.4000435 6523
36 usuario11 1462275220.92 1462275196.24 -24681.2999249 2596
36 usuario3 1462275220.43 1462275200.86 -19562.9999638 7392
36 usuario7 1462275221.29 1462275213.02 -8269.59991455 19356
36 usuario10 1462275221.29 1462275202.75 -18545.5000401 9233
36 usuario4 1462275220.69 1462275197.02 -23672.4998951 2628
36 usuario9 1462275221.23 1462275219.13 -2104.50005531 25228
36 usuario1 1462275220.54 1462275196.42 -24120.4001904 2301
36 usuario8 1462275220.47 1462275196.81 -23668.0002213 2639
37 usuario13 1462275245.15 1462275228.68 -16476.099968 6725
37 usuario2 1462275245.37 1462275224.5 -20874.5000362 2046
37 usuario15 1462275244.65 1462275244.62 -32.4001312256 22162
37 usuario6 1462275245.12 1462275224.54 -20585.7999325 2622
37 usuario16 1462275245.06 1462275235.8 -9265.50006866 14111
37 usuario12 1462275245.44 1462275224.86 -20581.400156 2498
37 usuario14 1462275244.79 1462275231.38 -13403.8000107 9044
37 usuario5 1462275245.04 1462275227.51 -17521.6999054 5064
37 usuario11 1462275244.55 1462275223.96 -20590.8999443 1980
37 usuario3 1462275245.32 1462275223.7 -21620.5999851 2221
37 usuario7 1462275244.5 1462275232.12 -12384.0000629 9761
37 usuario10 1462275245.31 1462275231.86 -13450.7000446 9511
37 usuario4 1462275244.99 1462275224.39 -20593.1999683 2647
37 usuario9 1462275244.66 1462275242.55 -2103.70016098 20261
37 usuario1 1462275244.85 1462275222.85 -21996.999979 1235
37 usuario8 1462275245.08 1462275223.47 -21612.6999855 1940
38 usuario13 1462275262.0 1462275253.74 -8259.70005989 7524
38 usuario2 1462275262.04 1462275249.46 -12578.9000988 3010
38 usuario15 1462275262.1 1462275253.96 -8136.30008698 8237
38 usuario6 1462275262.07 1462275247.64 -14433.0000877 1466
38 usuario16 1462275261.56 1462275248.15 -13404.7000408 2030
38 usuario12 1462275262.26 1462275248.85 -13406.899929 2359
38 usuario14 1462275262.13 1462275253.85 -8276.60012245 8007
38 usuario5 1462275262.2 1462275248.77 -13436.8000031 2677
38 usuario11 1462275261.73 1462275249.28 -12458.8999748 2484
38 usuario3 1462275262.27 1462275249.86 -12405.3001404 3486
38 usuario7 1462275261.59 1462275261.56 -36.3001823425 15997
38 usuario10 1462275262.45 1462275249.03 -13420.5000401 2663
38 usuario4 1462275261.78 1462275248.38 -13405.8001041 2339
38 usuario9 1462275261.61 1462275260.53 -1080.39999008 14819
38 usuario1 1462275261.68 1462275249.1 -12586.8000984 3164
38 usuario8 1462275262.02 1462275249.64 -12384.0000629 3499
39 usuario13 1462275286.08 1462275269.58 -16493.4000969 6497
39 usuario2 1462275286.34 1462275265.42 -20920.899868 2309
39 usuario15 1462275286.42 1462275271.95 -14470.3001976 8791
39 usuario6 1462275286.28 1462275264.68 -21596.9998837 1557
39 usuario16 1462275286.1 1462275264.28 -21823.0998516 1665
39 usuario12 1462275286.09 1462275265.5 -20597.099781 2189
39 usuario14 1462275286.49 1462275269.99 -16496.5999126 6810
39 usuario5 1462275286.38 1462275265.78 -20596.6999531 2527
39 usuario11 1462275286.04 1462275265.44 -20593.6000347 2659
39 usuario3 1462275286.0 1462275265.33 -20671.1001396 1992
39 usuario7 1462275286.3 1462275266.73 -19573.3001232 4053
39 usuario10 1462275285.75 1462275266.17 -19578.6001682 2664
39 usuario4 1462275286.0 1462275266.44 -19556.7002296 3605
39 usuario9 1462275285.98 1462275285.95 -33.2999229431 23283
39 usuario1 1462275286.28 1462275264.35 -21926.5999794 1605
39 usuario8 1462275286.38 1462275265.71 -20668.4999466 2631
40 usuario13 1462275309.83 1462275291.18 -18646.4998722 4059
40 usuario2 1462275310.49 1462275292.7 -17791.1999226 5272
40 usuario15 1462275309.99 1462275295.53 -14456.3000202 8033
40 usuario6 1462275310.05 1462275290.48 -19577.4998665 3143
40 usuario16 1462275310.27 1462275292.74 -17524.29986 5591
40 usuario12 1462275310.03 1462275291.49 -18537.9998684 4344
40 usuario14 1462275309.61 1462275295.19 -14419.5001125 7647
40 usuario5 1462275310.2 1462275289.6 -20598.400116 2174
40 usuario11 1462275310.12 1462275290.56 -19561.3999367 3474
40 usuario3 1462275310.57 1462275292.84 -17728.8999557 5779
40 usuario7 1462275310.11 1462275299.8 -10311.3000393 12414
40 usuario10 1462275310.57 1462275289.94 -20632.7002048 3129
40 usuario4 1462275309.89 1462275288.29 -21598.7000465 1234
40 usuario9 1462275309.65 1462275305.5 -4154.20007706 18405
40 usuario1 1462275309.9 1462275289.0 -20901.0999203 1656
40 usuario8 1462275309.82 1462275309.78 -37.2998714447 22255
41 usuario13 1462275339.45 1462275315.7 -23752.0999908 4811
41 usuario2 1462275339.46 1462275314.42 -25033.6999893 2844
41 usuario15 1462275338.96 1462275317.37 -21599.0998745 6313
41 usuario6 1462275339.06 1462275313.06 -25992.399931 1953
41 usuario16 1462275339.12 1462275326.75 -12365.5998707 15430
41 usuario12 1462275339.55 1462275312.82 -26736.7999554 1734
41 usuario14 1462275339.04 1462275315.37 -23668.200016 3665
41 usuario5 1462275339.63 1462275313.92 -25715.0998116 2663
41 usuario11 1462275338.88 1462275314.2 -24685.6000423 3022
41 usuario3 1462275338.94 1462275321.38 -17562.7999306 9750
41 usuario7 1462275339.7 1462275323.22 -16476.0000706 12051
41 usuario10 1462275338.96 1462275322.46 -16494.1999912 10829
41 usuario4 1462275338.82 1462275312.05 -26772.7000713 1104
41 usuario9 1462275338.9 1462275338.87 -28.9001464844 28162
41 usuario1 1462275339.55 1462275313.27 -26282.9999924 2284
41 usuario8 1462275339.41 1462275313.6 -25803.4999371 2705
42 usuario13 1462275362.51 1462275345.0 -17509.7000599 4496
42 usuario2 1462275362.0 1462275345.33 -16674.0999222 4796
42 usuario15 1462275362.03 1462275362.0 -33.2000255585 21972
42 usuario6 1462275362.58 1462275341.86 -20715.9998417 1752
42 usuario16 1462275362.27 1462275342.7 -19563.6000633 2531
42 usuario12 1462275361.75 1462275344.23 -17521.0001469 3623
42 usuario14 1462275361.85 1462275349.47 -12376.1999607 9378
42 usuario5 1462275362.11 1462275344.58 -17528.8000107 3895
42 usuario11 1462275362.43 1462275343.79 -18635.0998878 3861
42 usuario3 1462275361.85 1462275342.29 -19560.8000755 2295
42 usuario7 1462275361.98 1462275347.54 -14445.100069 6783
42 usuario10 1462275361.75 1462275345.26 -16485.8999252 5217
42 usuario4 1462275362.69 1462275342.1 -20587.3000622 2147
42 usuario9 1462275361.77 1462275354.53 -7241.40000343 14542
42 usuario1 1462275361.74 1462275352.29 -9452.5001049 11647
42 usuario8 1462275361.75 1462275351.44 -10314.0001297 10973
43 usuario13 1462275391.3 1462275372.77 -18523.900032 9201
43 usuario2 1462275390.87 1462275364.58 -26297.7001667 1497
43 usuario15 1462275391.6 1462275391.57 -31.5001010895 28463
43 usuario6 1462275391.55 1462275364.82 -26731.1999798 1188
43 usuario16 1462275391.04 1462275365.34 -25699.8999119 2024
43 usuario12 1462275390.82 1462275365.1 -25719.6998596 2294
43 usuario14 1462275391.78 1462275367.08 -24698.10009 4178
43 usuario5 1462275391.26 1462275366.57 -24684.7999096 3411
43 usuario11 1462275391.52 1462275366.82 -24697.6001263 3339
43 usuario3 1462275391.7 1462275365.99 -25714.9000168 3090
43 usuario7 1462275391.36 1462275378.98 -12381.8998337 15941
43 usuario10 1462275391.83 1462275366.08 -25745.3999519 3280
43 usuario4 1462275390.81 1462275366.13 -24682.2998524 2383
43 usuario9 1462275391.75 1462275370.14 -21614.0999794 7313
43 usuario1 1462275391.19 1462275364.96 -26233.5000038 2117
43 usuario8 1462275391.71 1462275366.0 -25713.0999565 3190
44 usuario13 1462275408.77 1462275398.45 -10319.2999363 6097
44 usuario2 1462275408.58 1462275393.83 -14747.399807 1880
44 usuario15 1462275408.01 1462275407.98 -31.200170517 15288
44 usuario6 1462275408.09 1462275398.81 -9282.29999542 6197
44 usuario16 1462275407.97 1462275394.47 -13500.9999275 2376
44 usuario12 1462275408.36 1462275393.93 -14432.3999882 2059
44 usuario14 1462275408.75 1462275401.5 -7248.39997292 8669
44 usuario5 1462275408.39 1462275396.02 -12374.9001026 3705
44 usuario11 1462275408.47 1462275396.08 -12395.3001499 3503
44 usuario3 1462275407.99 1462275394.6 -13396.8000412 1842
44 usuario7 1462275408.3 1462275397.97 -10325.7000446 5554
44 usuario10 1462275408.63 1462275395.16 -13475.8999348 2270
44 usuario4 1462275408.23 1462275396.89 -11344.399929 3997
44 usuario9 1462275407.88 1462275397.55 -10337.5999928 4745
44 usuario1 1462275408.04 1462275394.43 -13611.5999222 2159
44 usuario8 1462275408.12 1462275394.71 -13400.8002281 1952
45 usuario13 1462275436.87 1462275417.32 -19552.7999401 7487
45 usuario2 1462275435.96 1462275412.68 -23283.3998203 2987
45 usuario15 1462275436.34 1462275436.31 -32.5999259949 27212
45 usuario6 1462275436.6 1462275411.92 -24674.4999886 2782
45 usuario16 1462275436.85 1462275424.47 -12380.5000782 15443
45 usuario12 1462275436.79 1462275411.07 -25720.8001614 1661
45 usuario14 1462275436.21 1462275423.84 -12370.3000546 14026
45 usuario5 1462275436.01 1462275414.41 -21606.1000824 4932
45 usuario11 1462275436.2 1462275411.37 -24832.0999146 1845
45 usuario3 1462275436.88 1462275411.15 -25725.5001068 2100
45 usuario7 1462275436.05 1462275413.26 -22790.199995 3905
45 usuario10 1462275436.85 1462275414.2 -22653.1000137 4441
45 usuario4 1462275436.5 1462275411.64 -24863.3000851 2354
45 usuario9 1462275436.44 1462275435.37 -1072.0000267 26426
45 usuario1 1462275436.37 1462275411.05 -25322.9000568 1928
45 usuario8 1462275436.38 1462275411.67 -24705.1999569 2503
46 usuario13 1462275465.49 1462275442.73 -22760.3998184 4813
46 usuario2 1462275465.32 1462275440.12 -25198.800087 3079
46 usuario15 1462275465.93 1462275457.67 -8266.49999619 20253
46 usuario6 1462275465.63 1462275438.87 -26759.4001293 1225
46 usuario16 1462275465.23 1462275440.55 -24679.7001362 2643
46 usuario12 1462275465.07 1462275441.35 -23720.0000286 3498
46 usuario14 1462275465.11 1462275442.48 -22629.2998791 5221
46 usuario5 1462275465.79 1462275441.07 -24711.8000984 4008
46 usuario11 1462275465.03 1462275440.34 -24686.5999699 3082
46 usuario3 1462275465.74 1462275441.06 -24686.3999367 3126
46 usuario7 1462275465.87 1462275451.43 -14431.6999912 14329
46 usuario10 1462275465.86 1462275442.17 -23697.3001957 4260
46 usuario4 1462275465.25 1462275440.56 -24681.6999912 3013
46 usuario9 1462275465.33 1462275448.86 -16471.8999863 11363
46 usuario1 1462275465.74 1462275439.39 -26352.9000282 1937
46 usuario8 1462275465.28 1462275465.25 -29.599905014 27795
47 usuario13 1462275490.84 1462275471.23 -19609.6000671 4685
47 usuario2 1462275490.19 1462275469.23 -20956.2001228 2761
47 usuario15 1462275490.98 1462275473.46 -17514.2998695 6472
47 usuario6 1462275490.56 1462275467.83 -22720.9999561 1147
47 usuario16 1462275490.45 1462275467.81 -22640.3999329 1516
47 usuario12 1462275491.05 1462275468.41 -22639.1999722 2284
47 usuario14 1462275490.42 1462275474.97 -15442.9998398 8776
47 usuario5 1462275490.63 1462275470.05 -20579.4000626 3211
47 usuario11 1462275490.49 1462275467.72 -22767.6999569 1637
47 usuario3 1462275490.94 1462275469.32 -21624.3999004 2522
47 usuario7 1462275490.96 1462275482.69 -8266.60013199 15765
47 usuario10 1462275490.06 1462275469.45 -20610.699892 2535
47 usuario4 1462275491.01 1462275469.4 -21608.0999374 3097
47 usuario9 1462275490.6 1462275490.57 -31.800031662 24175
47 usuario1 1462275490.72 1462275468.65 -22073.6000538 1833
47 usuario8 1462275490.56 1462275480.24 -10320.6000328 13874
48 usuario13 1462275514.23 1462275495.7 -18523.6999989 3804
48 usuario2 1462275514.8 1462275496.99 -17811.0001087 5641
48 usuario15 1462275514.18 1462275514.14 -34.7001552582 22110
48 usuario6 1462275514.47 1462275494.91 -19563.4999275 3282
48 usuario16 1462275514.85 1462275498.37 -16484.6000671 6858
48 usuario12 1462275514.75 1462275494.16 -20586.1001015 2066
48 usuario14 1462275514.99 1462275494.27 -20716.7000771 2790
48 usuario5 1462275514.54 1462275494.98 -19558.8002205 3299
48 usuario11 1462275515.09 1462275496.42 -18672.8000641 4880
48 usuario3 1462275514.35 1462275495.7 -18656.7997932 3693
48 usuario7 1462275515.08 1462275507.84 -7235.09979248 15825
48 usuario10 1462275514.43 1462275494.73 -19693.9001083 3602
48 usuario4 1462275514.29 1462275493.61 -20685.199976 1550
48 usuario9 1462275514.12 1462275497.65 -16475.9001732 5955
48 usuario1 1462275514.2 1462275494.19 -20007.1001053 2385
48 usuario8 1462275514.43 1462275493.74 -20687.800169 2107
49 usuario13 1462275539.47 1462275521.95 -17517.8000927 6670
49 usuario2 1462275540.03 1462275519.09 -20935.2998734 3206
49 usuario15 1462275539.27 1462275539.24 -28.6998748779 23983
49 usuario6 1462275539.24 1462275518.66 -20581.8998814 3135
49 usuario16 1462275540.13 1462275518.5 -21630.5000782 2597
49 usuario12 1462275539.79 1462275517.15 -22636.4998817 1340
49 usuario14 1462275539.54 1462275518.85 -20692.2998428 2812
49 usuario5 1462275539.81 1462275518.19 -21622.300148 2592
49 usuario11 1462275539.5 1462275517.83 -21674.7000217 1682
49 usuario3 1462275539.89 1462275518.15 -21740.4999733 2741
49 usuario7 1462275539.29 1462275519.72 -19570.100069 3586
49 usuario10 1462275539.31 1462275523.84 -15472.5999832 8355
49 usuario4 1462275539.92 1462275517.18 -22740.1998043 1834
49 usuario9 1462275540.08 1462275537.98 -2098.70004654 22804
49 usuario1 1462275539.84 1462275516.86 -22986.700058 1531
49 usuario8 1462275540.0 1462275518.38 -21616.9002056 2901
50 usuario13 1462275540.5 1462275543.12 2621.39987946 2593
50 usuario2 1462275541.07 1462275544.97 3900.20012856 3862
50 usuario15 1462275540.32 1462275557.95 17624.5000362 17592
50 usuario6 1462275540.27 1462275541.9 1626.89995766 1597
50 usuario16 1462275541.15 1462275543.12 1963.59992027 1935
50 usuario12 1462275540.81 1462275542.79 1980.49998283 1955
50 usuario14 1462275540.57 1462275543.18 2614.70007896 2521
50 usuario5 1462275540.84 1462275542.37 1537.69993782 1511
50 usuario11 1462275540.53 1462275548.36 7833.30011368 7704
50 usuario3 1462275540.92 1462275543.73 2814.30006027 2789
50 usuario7 1462275540.32 1462275554.66 14340.0001526 14311
50 usuario10 1462275540.34 1462275541.84 1504.40001488 1477
50 usuario4 1462275540.94 1462275542.76 1814.19992447 1789
50 usuario9 1462275541.11 1462275545.29 4177.70004272 4152
50 usuario1 1462275540.89 1462275542.21 1320.19996643 1288
50 usuario8 1462275541.03 1462275556.95 15926.3000488 15893
