round user time_start time_end time_php time_js
1 usuario7 1462868313.09 1462868296.58 -16506.9999695 4372
1 usuario13 1462868313.76 1462868297.21 -16549.4000912 4713
1 usuario16 1462868313.67 1462868306.43 -7244.70019341 14195
1 usuario9 1462868313.18 1462868298.76 -14425.4000187 6040
1 usuario4 1462868313.08 1462868298.55 -14524.4998932 5654
1 usuario12 1462868313.32 1462868306.07 -7252.20012665 13754
1 usuario1 1462868313.21 1462868297.45 -15760.999918 4708
1 usuario3 1462868313.77 1462868313.75 -27.9998779297 21214
1 usuario15 1462868313.48 1462868296.97 -16512.1998787 3960
1 usuario11 1462868313.8 1462868297.31 -16492.5000668 4707
1 usuario2 1462868313.89 1462868299.45 -14437.5998974 6797
1 usuario10 1462868313.5 1462868296.99 -16509.1001987 4121
1 usuario6 1462868313.63 1462868305.55 -8080.80005646 12901
1 usuario5 1462868313.62 1462868296.05 -17565.0999546 3088
1 usuario14 1462868313.78 1462868296.94 -16834.5999718 3983
1 usuario8 1462868313.51 1462868305.21 -8301.10001564 12678
2 usuario7 1462868335.28 1462868324.93 -10349.2999077 10692
2 usuario13 1462868335.1 1462868321.69 -13410.6001854 6855
2 usuario16 1462868335.13 1462868324.81 -10322.0000267 10074
2 usuario9 1462868335.93 1462868320.44 -15486.9000912 6165
2 usuario4 1462868335.05 1462868316.53 -18523.6999989 2318
2 usuario12 1462868335.71 1462868324.25 -11457.9000473 9847
2 usuario1 1462868335.79 1462868322.11 -13682.8999519 7764
2 usuario3 1462868335.52 1462868325.18 -10340.0998116 10319
2 usuario15 1462868335.69 1462868324.33 -11363.0001545 9767
2 usuario11 1462868335.52 1462868326.22 -9297.89996147 11366
2 usuario2 1462868335.16 1462868327.92 -7237.29991913 12968
2 usuario10 1462868335.45 1462868319.44 -16006.5999031 4881
2 usuario6 1462868336.03 1462868322.58 -13449.8000145 7884
2 usuario5 1462868335.62 1462868335.59 -27.2998809814 20851
2 usuario14 1462868334.96 1462868319.16 -15802.2999763 4164
2 usuario8 1462868335.35 1462868326.05 -9299.0000248 11482
3 usuario7 1462868357.13 1462868343.96 -13164.8001671 7622
3 usuario13 1462868357.39 1462868342.94 -14451.800108 6776
3 usuario16 1462868357.17 1462868349.95 -7229.89988327 13763
3 usuario9 1462868357.28 1462868339.76 -17518.3999538 2774
3 usuario4 1462868357.37 1462868338.81 -18563.3997917 1679
3 usuario12 1462868357.85 1462868343.41 -14435.4000092 6649
3 usuario1 1462868357.15 1462868339.28 -17864.700079 2392
3 usuario3 1462868357.23 1462868354.11 -3123.29983711 17523
3 usuario15 1462868357.55 1462868342.06 -15495.6998825 5309
3 usuario11 1462868357.58 1462868353.42 -4153.50008011 16832
3 usuario2 1462868357.74 1462868346.38 -11358.2999706 10172
3 usuario10 1462868358.1 1462868340.57 -17530.8001041 4069
3 usuario6 1462868358.09 1462868358.06 -27.0001888275 20974
3 usuario5 1462868357.16 1462868343.74 -13420.4001427 7040
3 usuario14 1462868358.01 1462868338.84 -19162.4000072 2467
3 usuario8 1462868357.91 1462868344.51 -13401.7000198 8106
4 usuario7 1462868378.54 1462868363.05 -15488.0001545 4866
4 usuario13 1462868378.98 1462868363.26 -15716.3999081 4813
4 usuario16 1462868378.54 1462868360.98 -17557.8000546 2761
4 usuario9 1462868378.64 1462868361.11 -17528.1000137 2783
4 usuario4 1462868378.92 1462868359.27 -19652.4000168 829
4 usuario12 1462868378.26 1462868365.86 -12400.9001255 6958
4 usuario1 1462868379.01 1462868361.15 -17863.8999462 2911
4 usuario3 1462868378.58 1462868371.34 -7235.49985886 13049
4 usuario15 1462868378.95 1462868363.37 -15582.9999447 4764
4 usuario11 1462868378.85 1462868376.74 -2111.5000248 18105
4 usuario2 1462868378.23 1462868366.87 -11352.5998592 8068
4 usuario10 1462868378.32 1462868362.84 -15480.9000492 3678
4 usuario6 1462868378.23 1462868378.2 -34.5001220703 19015
4 usuario5 1462868378.93 1462868363.48 -15452.8000355 5252
4 usuario14 1462868378.64 1462868361.65 -16983.7999344 2463
4 usuario8 1462868378.19 1462868363.71 -14484.2000008 4743
5 usuario7 1462868400.21 1462868381.66 -18545.0999737 2077
5 usuario13 1462868400.53 1462868386.09 -14443.2001114 6047
5 usuario16 1462868400.67 1462868388.28 -12391.299963 8691
5 usuario9 1462868400.54 1462868384.06 -16484.3001366 4362
5 usuario4 1462868400.37 1462868382.83 -17542.9999828 2849
5 usuario12 1462868400.67 1462868387.21 -13460.5998993 7897
5 usuario1 1462868400.99 1462868384.17 -16818.2001114 4071
5 usuario3 1462868401.18 1462868401.15 -27.6000499725 21510
5 usuario15 1462868400.86 1462868384.35 -16514.6999359 4339
5 usuario11 1462868400.44 1462868393.19 -7255.80000877 13282
5 usuario2 1462868400.8 1462868399.73 -1072.59988785 20438
5 usuario10 1462868400.27 1462868381.71 -18560.8999729 2264
5 usuario6 1462868401.09 1462868383.5 -17586.5001678 4192
5 usuario5 1462868400.93 1462868383.4 -17529.2000771 3414
5 usuario14 1462868401.02 1462868382.69 -18332.1998119 2849
5 usuario8 1462868401.22 1462868386.78 -14432.6000214 7538
6 usuario7 1462868418.71 1462868408.38 -10330.8000565 6088
6 usuario13 1462868418.84 1462868408.52 -10319.5998669 6904
6 usuario16 1462868418.88 1462868406.41 -12477.9000282 4679
6 usuario9 1462868418.87 1462868408.55 -10323.2998848 6951
6 usuario4 1462868418.88 1462868403.25 -15623.8000393 1822
6 usuario12 1462868418.28 1462868407.95 -10324.2001534 6227
6 usuario1 1462868418.59 1462868408.11 -10485.8000278 6027
6 usuario3 1462868419.23 1462868415.07 -4159.80005264 12808
6 usuario15 1462868419.18 1462868413.99 -5191.10012054 12059
6 usuario11 1462868418.5 1462868418.48 -26.7999172211 16967
6 usuario2 1462868418.77 1462868408.44 -10331.6998482 6575
6 usuario10 1462868419.11 1462868405.7 -13415.3001308 4373
6 usuario6 1462868418.53 1462868409.21 -9321.79999352 7065
6 usuario5 1462868418.4 1462868406.01 -12388.999939 4033
6 usuario14 1462868419.29 1462868404.74 -14548.7000942 2525
6 usuario8 1462868419.2 1462868408.87 -10326.6999722 6592
7 usuario7 1462868434.66 1462868423.3 -11362.6999855 3542
7 usuario13 1462868434.75 1462868424.43 -10314.4001961 4536
7 usuario16 1462868434.37 1462868423.95 -10418.6999798 3949
7 usuario9 1462868434.93 1462868422.45 -12482.7001095 2517
7 usuario4 1462868435.12 1462868421.6 -13511.3999844 1678
7 usuario12 1462868434.78 1462868427.53 -7254.49991226 8188
7 usuario1 1462868434.56 1462868423.97 -10594.3000317 4292
7 usuario3 1462868434.44 1462868434.41 -29.599905014 14117
7 usuario15 1462868434.49 1462868423.12 -11369.9998856 2882
7 usuario11 1462868434.82 1462868430.64 -4186.39993668 11050
7 usuario2 1462868434.77 1462868432.67 -2099.10011292 12839
7 usuario10 1462868434.52 1462868423.17 -11352.2000313 3001
7 usuario6 1462868434.68 1462868428.48 -6203.69982719 8883
7 usuario5 1462868434.6 1462868422.21 -12391.9000626 2749
7 usuario14 1462868434.37 1462868422.83 -11545.7000732 2329
7 usuario8 1462868434.68 1462868425.39 -9293.09988022 5130
8 usuario7 1462868453.78 1462868440.35 -13429.2998314 4626
8 usuario13 1462868454.18 1462868440.78 -13407.900095 4977
8 usuario16 1462868453.68 1462868439.24 -14437.9000664 3811
8 usuario9 1462868453.8 1462868438.31 -15485.0001335 2333
8 usuario4 1462868453.62 1462868437.14 -16482.6998711 967
8 usuario12 1462868453.73 1462868439.31 -14422.8000641 3480
8 usuario1 1462868453.64 1462868442.05 -11595.7999229 6340
8 usuario3 1462868454.08 1462868441.7 -12374.5999336 6181
8 usuario15 1462868454.33 1462868437.83 -16505.3999424 2281
8 usuario11 1462868453.59 1462868449.44 -4146.39997482 13549
8 usuario2 1462868454.19 1462868441.69 -12494.1000938 5862
8 usuario10 1462868453.56 1462868438.09 -15473.7999439 2509
8 usuario6 1462868454.34 1462868454.32 -27.899980545 18570
8 usuario5 1462868453.7 1462868438.06 -15630.300045 2405
8 usuario14 1462868453.73 1462868438.08 -15657.8998566 2499
8 usuario8 1462868453.79 1462868439.35 -14434.4000816 3618
9 usuario7 1462868466.1 1462868457.83 -8277.09984779 2992
9 usuario13 1462868465.63 1462868458.38 -7254.60004807 3142
9 usuario16 1462868466.23 1462868457.97 -8264.50014114 3237
9 usuario9 1462868465.77 1462868460.56 -5202.60000229 5702
9 usuario4 1462868465.42 1462868456.13 -9285.09998322 1457
9 usuario12 1462868466.24 1462868456.94 -9301.5999794 2148
9 usuario1 1462868465.71 1462868457.23 -8486.1998558 2375
9 usuario3 1462868466.34 1462868466.31 -32.1998596191 11178
9 usuario15 1462868465.51 1462868459.3 -6213.50002289 3920
9 usuario11 1462868465.93 1462868461.77 -4156.69989586 7118
9 usuario2 1462868465.6 1462868460.43 -5177.59990692 5175
9 usuario10 1462868465.82 1462868456.5 -9321.19989395 1877
9 usuario6 1462868465.82 1462868462.69 -3125.09989738 7265
9 usuario5 1462868465.71 1462868456.41 -9302.90007591 1659
9 usuario14 1462868465.84 1462868456.85 -8995.59998512 1899
9 usuario8 1462868465.59 1462868458.35 -7242.79999733 3491
10 usuario7 1462868482.09 1462868468.56 -13534.4998837 1399
10 usuario13 1462868482.33 1462868469.95 -12381.2000751 3239
10 usuario16 1462868482.16 1462868470.78 -11379.8999786 3494
10 usuario9 1462868481.74 1462868470.37 -11365.4999733 3554
10 usuario4 1462868482.2 1462868467.66 -14531.8000317 1198
10 usuario12 1462868482.09 1462868472.74 -9346.99988365 5447
10 usuario1 1462868482.21 1462868469.64 -12569.7000027 2848
10 usuario3 1462868482.12 1462868473.85 -8267.19999313 6424
10 usuario15 1462868482.32 1462868468.9 -13411.2999439 2343
10 usuario11 1462868481.75 1462868481.72 -29.3998718262 14701
10 usuario2 1462868482.23 1462868471.9 -10331.400156 5235
10 usuario10 1462868482.28 1462868469.79 -12488.699913 2856
10 usuario6 1462868481.58 1462868476.4 -5187.29996681 9519
10 usuario5 1462868481.9 1462868468.49 -13408.5998535 1717
10 usuario14 1462868481.93 1462868469.05 -12877.4998188 1974
10 usuario8 1462868481.02 1462868471.53 -9490.79990387 4816
11 usuario7 1462868493.1 1462868484.82 -8280.49993515 1614
11 usuario13 1462868492.95 1462868486.72 -6230.70001602 3334
11 usuario16 1462868492.59 1462868492.56 -25.9001255035 9344
11 usuario9 1462868492.87 1462868485.61 -7263.20004463 2814
11 usuario4 1462868493.09 1462868484.85 -8243.19982529 1593
11 usuario12 1462868493.47 1462868485.18 -8295.59993744 2026
11 usuario1 1462868492.7 1462868488.46 -4240.90003967 5153
11 usuario3 1462868492.9 1462868492.88 -26.2999534607 9701
11 usuario15 1462868493.38 1462868485.11 -8273.29993248 1734
11 usuario11 1462868493.32 1462868489.15 -4169.29984093 6329
11 usuario2 1462868492.67 1462868487.47 -5203.99999619 4184
11 usuario10 1462868492.94 1462868485.69 -7252.09999084 2352
11 usuario6 1462868492.68 1462868489.54 -3133.29982758 6900
11 usuario5 1462868493.32 1462868485.06 -8260.49995422 2106
11 usuario14 1462868492.51 1462868485.67 -6844.09999847 2548
11 usuario8 1462868493.31 1462868488.12 -5182.80005455 5582
12 usuario7 1462868502.49 1462868495.21 -7284.49988365 1059
12 usuario13 1462868501.95 1462868496.75 -5193.50004196 2745
12 usuario16 1462868502.52 1462868497.33 -5185.40000916 3663
12 usuario9 1462868502.24 1462868496.03 -6212.29982376 2110
12 usuario4 1462868501.57 1462868495.36 -6211.60006523 1213
12 usuario12 1462868502.36 1462868496.13 -6227.99992561 1608
12 usuario1 1462868502.39 1462868496.05 -6335.90006828 2278
12 usuario3 1462868501.77 1462868497.62 -4153.80001068 3635
12 usuario15 1462868502.34 1462868497.13 -5205.50012589 2700
12 usuario11 1462868502.28 1462868502.25 -28.1000137329 7871
12 usuario2 1462868501.94 1462868496.74 -5197.90005684 3010
12 usuario10 1462868501.74 1462868496.53 -5211.79986 2532
12 usuario6 1462868501.55 1462868498.42 -3136.19995117 4687
12 usuario5 1462868501.61 1462868496.43 -5183.19988251 2056
12 usuario14 1462868501.9 1462868496.3 -5601.99999809 2579
12 usuario8 1462868501.58 1462868497.4 -4179.89993095 3037
13 usuario7 1462868524.13 1462868505.49 -18638.4000778 1939
13 usuario13 1462868523.9 1462868510.5 -13398.9999294 7484
13 usuario16 1462868524.45 1462868507.94 -16511.1000538 4366
13 usuario9 1462868523.65 1462868506.14 -17515.1998997 2838
13 usuario4 1462868524.56 1462868503.75 -20807.2998524 1129
13 usuario12 1462868524.03 1462868507.54 -16485.4998589 4128
13 usuario1 1462868523.8 1462868505.92 -17885.4000568 2446
13 usuario3 1462868524.0 1462868523.96 -37.2998714447 21136
13 usuario15 1462868523.92 1462868505.29 -18631.000042 1889
13 usuario11 1462868523.66 1462868511.26 -12399.8000622 7897
13 usuario2 1462868524.23 1462868505.53 -18700.3998756 2526
13 usuario10 1462868523.87 1462868506.37 -17496.7000484 3549
13 usuario6 1462868524.08 1462868510.67 -13411.8001461 8054
13 usuario5 1462868524.15 1462868505.59 -18563.7001991 2921
13 usuario14 1462868524.1 1462868508.31 -15792.6001549 5197
13 usuario8 1462868524.23 1462868508.7 -15531.8000317 6071
14 usuario7 1462868530.69 1462868526.52 -4167.69981384 1337
14 usuario13 1462868530.68 1462868528.48 -2201.60007477 3526
14 usuario16 1462868530.85 1462868528.74 -2113.80004883 3181
14 usuario9 1462868531.22 1462868527.05 -4168.20001602 2352
14 usuario4 1462868531.46 1462868527.32 -4143.00012589 1708
14 usuario12 1462868531.16 1462868528.02 -3140.59996605 2932
14 usuario1 1462868530.92 1462868527.74 -3175.1999855 2844
14 usuario3 1462868531.42 1462868527.27 -4153.80001068 2185
14 usuario15 1462868531.57 1462868527.41 -4161.29994392 2369
14 usuario11 1462868531.54 1462868531.51 -26.9000530243 6790
14 usuario2 1462868530.8 1462868528.69 -2109.69996452 3411
14 usuario10 1462868531.48 1462868527.32 -4158.20002556 2397
14 usuario6 1462868531.59 1462868531.55 -37.4999046326 6414
14 usuario5 1462868531.12 1462868526.97 -4153.7001133 1766
14 usuario14 1462868530.59 1462868528.32 -2276.79991722 2995
14 usuario8 1462868531.11 1462868527.97 -3132.29990005 2685
15 usuario7 1462868546.09 1462868532.67 -13422.6000309 923
15 usuario13 1462868546.02 1462868536.68 -9338.90008926 4940
15 usuario16 1462868546.55 1462868535.19 -11359.8001003 3281
15 usuario9 1462868546.51 1462868535.15 -11362.000227 2873
15 usuario4 1462868545.8 1462868534.47 -11327.1999359 1953
15 usuario12 1462868546.13 1462868533.72 -12415.8000946 1500
15 usuario1 1462868545.74 1462868534.16 -11576.4000416 2148
15 usuario3 1462868545.83 1462868537.58 -8249.90010262 5100
15 usuario15 1462868545.72 1462868537.41 -8306.30016327 4781
15 usuario11 1462868546.08 1462868536.76 -9315.20009041 4141
15 usuario2 1462868546.27 1462868536.97 -9294.39997673 5107
15 usuario10 1462868546.56 1462868537.27 -9289.00003433 4734
15 usuario6 1462868545.82 1462868542.69 -3130.79977036 10022
15 usuario5 1462868546.03 1462868546.01 -25.0999927521 13815
15 usuario14 1462868546.08 1462868534.73 -11358.5999012 2793
15 usuario8 1462868546.1 1462868535.79 -10318.7000751 3626
16 usuario7 1462868564.66 1462868548.17 -16485.2998257 1020
16 usuario13 1462868563.76 1462868550.33 -13421.1997986 3189
16 usuario16 1462868564.55 1462868556.26 -8285.40015221 8659
16 usuario9 1462868563.7 1462868550.3 -13404.6001434 2716
16 usuario4 1462868563.87 1462868548.4 -15463.9999866 1553
16 usuario12 1462868563.86 1462868548.37 -15489.39991 1172
16 usuario1 1462868564.13 1462868548.36 -15772.3999023 1535
16 usuario3 1462868564.38 1462868564.35 -27.0998477936 17454
16 usuario15 1462868564.65 1462868551.24 -13411.9999409 4458
16 usuario11 1462868563.67 1462868563.65 -24.0998268127 16507
16 usuario2 1462868564.69 1462868553.33 -11355.9999466 6005
16 usuario10 1462868564.22 1462868552.87 -11346.4000225 5230
16 usuario6 1462868564.58 1462868552.18 -12397.5000381 5300
16 usuario5 1462868564.53 1462868550.08 -14444.2999363 2974
16 usuario14 1462868563.9 1462868551.51 -12388.1001472 4253
16 usuario8 1462868564.28 1462868551.91 -12368.0999279 4751
17 usuario7 1462868574.3 1462868567.05 -7244.19999123 1336
17 usuario13 1462868574.18 1462868568.99 -5182.39998817 4181
17 usuario16 1462868574.71 1462868568.49 -6220.2000618 2893
17 usuario9 1462868574.53 1462868569.33 -5199.19991493 4578
17 usuario4 1462868573.77 1462868566.54 -7229.30002213 1612
17 usuario12 1462868574.04 1462868566.8 -7238.60001564 1877
17 usuario1 1462868573.93 1462868567.58 -6344.89989281 2359
17 usuario3 1462868574.65 1462868573.57 -1076.29990578 8106
17 usuario15 1462868574.54 1462868567.28 -7251.70016289 1576
17 usuario11 1462868574.49 1462868574.46 -28.400182724 9711
17 usuario2 1462868574.43 1462868567.18 -7250.50020218 1428
17 usuario10 1462868574.68 1462868568.43 -6242.79999733 3147
17 usuario6 1462868573.96 1462868568.68 -5279.00004387 3048
17 usuario5 1462868574.48 1462868567.23 -7243.29996109 1649
17 usuario14 1462868574.34 1462868567.26 -7076.69997215 1792
17 usuario8 1462868574.39 1462868569.17 -5221.59981728 3834
18 usuario7 1462868584.77 1462868581.64 -3135.20002365 6285
18 usuario13 1462868584.63 1462868579.44 -5190.39988518 4203
18 usuario16 1462868583.88 1462868583.86 -26.200056076 8084
18 usuario9 1462868583.8 1462868577.54 -6257.29990005 1964
18 usuario4 1462868584.75 1462868576.5 -8253.49998474 1674
18 usuario12 1462868584.47 1462868581.34 -3133.79979134 6248
18 usuario1 1462868584.0 1462868578.67 -5333.19997787 3655
18 usuario3 1462868584.06 1462868584.03 -29.2999744415 8320
18 usuario15 1462868584.44 1462868581.3 -3132.89999962 5713
18 usuario11 1462868584.32 1462868583.25 -1078.59992981 7674
18 usuario2 1462868584.74 1462868578.47 -6269.59991455 2978
18 usuario10 1462868584.65 1462868577.39 -7261.79981232 1661
18 usuario6 1462868583.76 1462868578.56 -5191.4999485 3548
18 usuario5 1462868584.65 1462868577.41 -7238.30008507 1880
18 usuario14 1462868584.66 1462868577.97 -6688.40003014 2418
18 usuario8 1462868584.73 1462868579.51 -5218.40000153 4070
19 usuario7 1462868591.18 1462868589.07 -2102.49996185 3251
19 usuario13 1462868591.42 1462868591.39 -32.0999622345 5710
19 usuario16 1462868591.41 1462868587.25 -4159.10005569 2283
19 usuario9 1462868591.72 1462868587.56 -4160.49981117 2707
19 usuario4 1462868591.43 1462868587.27 -4160.09998322 1459
19 usuario12 1462868591.26 1462868590.16 -1097.49984741 4634
19 usuario1 1462868591.2 1462868586.97 -4230.89981079 1881
19 usuario3 1462868591.02 1462868590.99 -29.599905014 5848
19 usuario15 1462868590.98 1462868587.85 -3130.5000782 2358
19 usuario11 1462868590.79 1462868588.69 -2094.60020065 3302
19 usuario2 1462868591.17 1462868588.03 -3142.89999008 2173
19 usuario10 1462868591.03 1462868586.87 -4166.89991951 1156
19 usuario6 1462868591.52 1462868591.49 -26.2999534607 5655
19 usuario5 1462868591.01 1462868587.88 -3131.9000721 2176
19 usuario14 1462868591.27 1462868588.97 -2298.39992523 3078
19 usuario8 1462868591.05 1462868587.92 -3130.19990921 2125
20 usuario7 1462868605.52 1462868593.14 -12378.9999485 910
20 usuario13 1462868604.9 1462868597.67 -7223.80018234 5175
20 usuario16 1462868605.71 1462868597.33 -8384.20009613 4870
20 usuario9 1462868605.31 1462868596.99 -8321.39992714 4220
20 usuario4 1462868605.76 1462868594.4 -11357.0001125 1918
20 usuario12 1462868605.47 1462868595.15 -10314.2001629 2835
20 usuario1 1462868605.1 1462868598.73 -6372.40004539 6414
20 usuario3 1462868605.8 1462868594.41 -11388.0000114 2311
20 usuario15 1462868605.43 1462868595.1 -10326.9000053 3060
20 usuario11 1462868605.59 1462868600.4 -5183.5000515 7535
20 usuario2 1462868605.38 1462868605.35 -31.4998626709 13073
20 usuario10 1462868605.11 1462868592.73 -12384.8998547 642
20 usuario6 1462868604.93 1462868594.6 -10333.5998058 2012
20 usuario5 1462868605.21 1462868594.9 -10313.4000301 2837
20 usuario14 1462868605.01 1462868594.94 -10069.9000359 2324
20 usuario8 1462868605.2 1462868595.86 -9341.79997444 3752
21 usuario7 1462868613.14 1462868607.96 -5179.89993095 1385
21 usuario13 1462868613.7 1462868608.46 -5241.60003662 2503
21 usuario16 1462868613.38 1462868613.35 -29.8001766205 6543
21 usuario9 1462868613.03 1462868609.9 -3125.20003319 3529
21 usuario4 1462868613.83 1462868609.69 -4141.59989357 2874
21 usuario12 1462868613.63 1462868611.53 -2103.39999199 4970
21 usuario1 1462868613.38 1462868608.09 -5283.20002556 1905
21 usuario3 1462868613.01 1462868610.86 -2143.40019226 4000
21 usuario15 1462868613.02 1462868608.86 -4152.40001678 2384
21 usuario11 1462868613.48 1462868613.45 -26.2999534607 6809
21 usuario2 1462868613.06 1462868610.95 -2106.09984398 4493
21 usuario10 1462868613.18 1462868606.95 -6223.79994392 781
21 usuario6 1462868613.35 1462868609.2 -4149.90019798 3202
21 usuario5 1462868613.26 1462868613.23 -25.0000953674 6958
21 usuario14 1462868612.84 1462868610.47 -2373.00014496 3859
21 usuario8 1462868613.61 1462868610.49 -3126.80006027 4230
22 usuario7 1462868622.42 1462868615.16 -7253.9999485 972
22 usuario13 1462868622.15 1462868619.02 -3126.49989128 4219
22 usuario16 1462868622.26 1462868622.22 -40.8999919891 7765
22 usuario9 1462868622.67 1462868616.44 -6229.50005531 2356
22 usuario4 1462868622.43 1462868617.26 -5167.2000885 2337
22 usuario12 1462868622.71 1462868618.56 -4151.70001984 3873
22 usuario1 1462868622.58 1462868617.31 -5269.69981194 2847
22 usuario3 1462868622.53 1462868620.42 -2109.49993134 6323
22 usuario15 1462868622.07 1462868616.88 -5185.50014496 2810
22 usuario11 1462868622.28 1462868617.1 -5182.89995193 2550
22 usuario2 1462868622.56 1462868621.47 -1088.09995651 7355
22 usuario10 1462868622.13 1462868614.86 -7276.40008926 627
22 usuario6 1462868622.72 1462868615.49 -7235.80002785 1082
22 usuario5 1462868622.82 1462868620.72 -2105.70001602 6384
22 usuario14 1462868622.55 1462868616.78 -5773.90003204 2761
22 usuario8 1462868622.53 1462868618.37 -4155.29990196 3706
23 usuario7 1462868630.9 1462868624.66 -6243.00003052 1197
23 usuario13 1462868630.07 1462868624.86 -5210.09993553 1652
23 usuario16 1462868630.69 1462868628.53 -2159.50012207 5195
23 usuario9 1462868630.25 1462868626.1 -4154.40011024 2352
23 usuario4 1462868630.48 1462868625.24 -5241.60003662 1755
23 usuario12 1462868630.47 1462868626.29 -4176.19991302 2526
23 usuario1 1462868630.33 1462868625.05 -5275.30002594 1388
23 usuario3 1462868630.49 1462868627.33 -3157.00006485 3741
23 usuario15 1462868630.35 1462868625.15 -5203.29999924 2020
23 usuario11 1462868630.58 1462868630.54 -31.1999320984 7208
23 usuario2 1462868630.02 1462868626.89 -3130.10001183 3257
23 usuario10 1462868630.05 1462868623.86 -6195.99986076 668
23 usuario6 1462868630.03 1462868624.85 -5180.40013313 1072
23 usuario5 1462868630.28 1462868627.15 -3130.89990616 3263
23 usuario14 1462868629.92 1462868626.52 -3391.79992676 2780
23 usuario8 1462868630.71 1462868627.57 -3138.79990578 3990
24 usuario7 1462868638.44 1462868633.25 -5186.80000305 1266
24 usuario13 1462868638.37 1462868638.35 -26.4999866486 7219
24 usuario16 1462868638.64 1462868638.61 -31.800031662 6866
24 usuario9 1462868638.67 1462868633.49 -5178.60007286 2183
24 usuario4 1462868638.43 1462868633.24 -5183.40015411 1709
24 usuario12 1462868638.25 1462868634.08 -4164.2999649 2550
24 usuario1 1462868638.55 1462868633.27 -5283.99991989 1843
24 usuario3 1462868638.71 1462868636.61 -2101.70006752 5048
24 usuario15 1462868638.66 1462868632.45 -6205.3000927 1050
24 usuario11 1462868638.59 1462868635.46 -3130.30004501 3806
24 usuario2 1462868638.44 1462868633.26 -5180.70006371 2187
24 usuario10 1462868637.96 1462868631.75 -6210.60013771 638
24 usuario6 1462868638.81 1462868631.5 -7303.29990387 421
24 usuario5 1462868638.48 1462868634.31 -4175.59981346 2971
24 usuario14 1462868637.85 1462868634.37 -3480.99994659 3250
24 usuario8 1462868638.75 1462868634.59 -4158.90002251 2827
25 usuario7 1462868651.25 1462868640.95 -10302.4001122 1453
25 usuario13 1462868651.83 1462868651.8 -31.5001010895 12353
25 usuario16 1462868651.73 1462868644.47 -7265.19989967 4747
25 usuario9 1462868651.38 1462868642.06 -9317.49987602 2335
25 usuario4 1462868651.27 1462868640.97 -10304.899931 1480
25 usuario12 1462868651.77 1462868641.45 -10318.0999756 2148
25 usuario1 1462868651.0 1462868645.7 -5300.49991608 6038
25 usuario3 1462868651.3 1462868651.27 -27.6000499725 11498
25 usuario15 1462868651.31 1462868640.99 -10321.0000992 1269
25 usuario11 1462868651.04 1462868642.77 -8272.90010452 3103
25 usuario2 1462868651.98 1462868641.67 -10318.3000088 2155
25 usuario10 1462868651.18 1462868639.81 -11368.699789 792
25 usuario6 1462868651.31 1462868642.0 -9310.19997597 2138
25 usuario5 1462868651.89 1462868642.54 -9345.70002556 3005
25 usuario14 1462868651.13 1462868644.08 -7046.50020599 4922
25 usuario8 1462868651.99 1462868642.68 -9304.80003357 2868
26 usuario7 1462868664.55 1462868654.23 -10316.6000843 1930
26 usuario13 1462868664.64 1462868654.33 -10309.9000454 1418
26 usuario16 1462868664.47 1462868656.2 -8266.90006256 3409
26 usuario9 1462868664.16 1462868653.83 -10334.3000412 1399
26 usuario4 1462868664.56 1462868654.24 -10317.6000118 1915
26 usuario12 1462868665.04 1462868654.72 -10319.3998337 1896
26 usuario1 1462868664.22 1462868653.69 -10535.900116 1601
26 usuario3 1462868664.43 1462868664.4 -32.399892807 12017
26 usuario15 1462868664.69 1462868661.55 -3138.30018044 9147
26 usuario11 1462868664.83 1462868663.75 -1076.79986954 11653
26 usuario2 1462868665.0 1462868654.68 -10317.8999424 1635
26 usuario10 1462868664.23 1462868653.91 -10318.0999756 1612
26 usuario6 1462868664.68 1462868656.41 -8272.30000496 4044
26 usuario5 1462868664.67 1462868655.37 -9298.70009422 2434
26 usuario14 1462868664.27 1462868654.15 -10111.6001606 1798
26 usuario8 1462868664.46 1462868655.16 -9302.60014534 2127
27 usuario7 1462868674.62 1462868674.6 -20.4999446869 8964
27 usuario13 1462868674.2 1462868666.93 -7270.4000473 1239
27 usuario16 1462868674.5 1462868668.29 -6207.7999115 2764
27 usuario9 1462868674.91 1462868666.64 -8266.79992676 1423
27 usuario4 1462868674.25 1462868669.09 -5168.40004921 3470
27 usuario12 1462868674.58 1462868667.31 -7269.20008659 1216
27 usuario1 1462868674.65 1462868668.31 -6337.59999275 3010
27 usuario3 1462868674.66 1462868671.53 -3128.09991837 6020
27 usuario15 1462868674.59 1462868669.41 -5178.09987068 3666
27 usuario11 1462868674.4 1462868674.38 -26.4999866486 8486
27 usuario2 1462868674.43 1462868672.31 -2115.99993706 6251
27 usuario10 1462868674.15 1462868665.9 -8257.50017166 608
27 usuario6 1462868674.96 1462868673.9 -1068.0000782 8164
27 usuario5 1462868674.52 1462868667.28 -7236.29999161 1555
27 usuario14 1462868674.88 1462868668.23 -6650.70009232 2693
27 usuario8 1462868674.43 1462868670.2 -4226.30000114 4687
28 usuario7 1462868684.25 1462868684.22 -29.1998386383 8527
28 usuario13 1462868684.53 1462868683.46 -1074.70011711 8178
28 usuario16 1462868684.74 1462868680.55 -4182.30009079 5003
28 usuario9 1462868684.86 1462868678.64 -6213.60015869 2676
28 usuario4 1462868684.39 1462868677.18 -7218.8000679 1866
28 usuario12 1462868684.09 1462868676.67 -7418.30015182 1037
28 usuario1 1462868684.63 1462868677.18 -7448.99988174 1432
28 usuario3 1462868684.17 1462868681.03 -3136.09981537 5311
28 usuario15 1462868684.14 1462868678.97 -5173.39992523 3331
28 usuario11 1462868684.48 1462868679.3 -5178.90000343 3819
28 usuario2 1462868684.81 1462868679.63 -5178.79986763 4142
28 usuario10 1462868684.2 1462868675.94 -8256.00004196 731
28 usuario6 1462868685.05 1462868680.86 -4190.09995461 4850
28 usuario5 1462868685.06 1462868677.8 -7255.89990616 2228
28 usuario14 1462868684.69 1462868678.99 -5707.09991455 2890
28 usuario8 1462868685.1 1462868678.89 -6209.90014076 3396
29 usuario7 1462868694.7 1462868686.27 -8431.69999123 939
29 usuario13 1462868694.99 1462868692.88 -2112.80012131 7287
29 usuario16 1462868694.19 1462868687.99 -6197.20005989 2198
29 usuario9 1462868694.53 1462868688.31 -6216.90011024 2396
29 usuario4 1462868694.47 1462868688.27 -6192.69990921 2820
29 usuario12 1462868694.33 1462868685.98 -8346.19998932 827
29 usuario1 1462868694.89 1462868687.51 -7380.89990616 1786
29 usuario3 1462868694.54 1462868688.33 -6204.70023155 3111
29 usuario15 1462868695.0 1462868690.84 -4158.20002556 5637
29 usuario11 1462868694.56 1462868691.44 -3121.90008163 5903
29 usuario2 1462868695.12 1462868687.89 -7233.30020905 2023
29 usuario10 1462868695.12 1462868685.84 -9280.60007095 588
29 usuario6 1462868694.31 1462868694.28 -30.9998989105 8151
29 usuario5 1462868694.63 1462868689.43 -5194.70000267 3321
29 usuario14 1462868694.77 1462868689.04 -5721.89998627 3080
29 usuario8 1462868695.06 1462868690.91 -4151.90005302 4760
30 usuario7 1462868704.81 1462868696.52 -8291.10002518 766
30 usuario13 1462868704.18 1462868704.16 -26.4000892639 8111
30 usuario16 1462868704.65 1462868700.5 -4154.99997139 5251
30 usuario9 1462868704.49 1462868699.3 -5186.29980087 3722
30 usuario4 1462868705.0 1462868697.78 -7224.40004349 2247
30 usuario12 1462868704.27 1462868697.04 -7234.49993134 1563
30 usuario1 1462868704.68 1462868699.36 -5320.09983063 3386
30 usuario3 1462868704.35 1462868702.23 -2122.29990959 6629
30 usuario15 1462868704.5 1462868700.35 -4149.89995956 4302
30 usuario11 1462868705.16 1462868705.13 -26.4000892639 9505
30 usuario2 1462868704.25 1462868698.04 -6207.19981194 1866
30 usuario10 1462868704.68 1462868697.43 -7243.70002747 1255
30 usuario6 1462868704.58 1462868700.43 -4157.79995918 5047
30 usuario5 1462868704.69 1462868697.46 -7230.99994659 1774
30 usuario14 1462868704.96 1462868698.91 -6046.00000381 2915
30 usuario8 1462868704.73 1462868699.55 -5184.10015106 3435
31 usuario7 1462868714.09 1462868706.83 -7263.40007782 873
31 usuario13 1462868713.9 1462868707.69 -6213.70005608 2425
31 usuario16 1462868713.92 1462868712.85 -1071.79999352 7137
31 usuario9 1462868713.22 1462868708.0 -5220.70002556 2463
31 usuario4 1462868714.16 1462868707.98 -6185.0001812 1922
31 usuario12 1462868714.02 1462868706.73 -7297.69992828 1397
31 usuario1 1462868713.25 1462868706.85 -6397.59993553 1078
31 usuario3 1462868714.15 1462868712.05 -2098.79994392 6640
31 usuario15 1462868713.64 1462868709.47 -4164.00003433 3920
31 usuario11 1462868714.15 1462868707.93 -6213.89985085 1702
31 usuario2 1462868714.16 1462868706.9 -7267.29989052 1593
31 usuario10 1462868713.88 1462868706.55 -7325.79994202 821
31 usuario6 1462868714.11 1462868714.08 -33.0998897552 8435
31 usuario5 1462868713.67 1462868707.44 -6223.20008278 1705
31 usuario14 1462868713.67 1462868709.08 -4591.2001133 2915
31 usuario8 1462868713.42 1462868709.26 -4163.80000114 3470
32 usuario7 1462868723.16 1462868715.93 -7230.39984703 785
32 usuario13 1462868723.18 1462868718.0 -5178.60007286 3043
32 usuario16 1462868723.05 1462868719.93 -3124.30000305 4959
32 usuario9 1462868723.15 1462868715.91 -7238.19994926 1643
32 usuario4 1462868722.36 1462868717.2 -5163.49983215 1988
32 usuario12 1462868722.22 1462868715.98 -6234.10010338 849
32 usuario1 1462868722.85 1462868715.43 -7419.60000992 1092
32 usuario3 1462868722.32 1462868721.24 -1080.69992065 6035
32 usuario15 1462868722.61 1462868717.43 -5185.49990654 2740
32 usuario11 1462868723.1 1462868718.94 -4160.10022163 3721
32 usuario2 1462868723.09 1462868723.06 -29.9999713898 7832
32 usuario10 1462868722.84 1462868715.6 -7238.39998245 670
32 usuario6 1462868722.65 1462868722.63 -25.3999233246 7447
32 usuario5 1462868722.56 1462868716.34 -6220.49999237 1626
32 usuario14 1462868723.01 1462868717.31 -5701.49993896 2389
32 usuario8 1462868722.63 1462868716.44 -6198.89998436 1964
33 usuario7 1462868732.19 1462868724.96 -7230.90004921 736
33 usuario13 1462868731.8 1462868729.7 -2102.09989548 5436
33 usuario16 1462868731.96 1462868727.8 -4159.60001945 3691
33 usuario9 1462868732.25 1462868726.04 -6211.8999958 1837
33 usuario4 1462868731.96 1462868724.73 -7233.20007324 1310
33 usuario12 1462868732.17 1462868725.96 -6216.79997444 1650
33 usuario1 1462868731.87 1462868726.6 -5273.3001709 2512
33 usuario3 1462868731.67 1462868731.65 -26.1001586914 8265
33 usuario15 1462868732.24 1462868726.02 -6218.49989891 2334
33 usuario11 1462868732.16 1462868728.0 -4156.3000679 3845
33 usuario2 1462868731.34 1462868728.22 -3127.40015984 4054
33 usuario10 1462868731.58 1462868727.42 -4160.79998016 3530
33 usuario6 1462868731.91 1462868730.84 -1071.69985771 7097
33 usuario5 1462868732.23 1462868728.05 -4178.50017548 4441
33 usuario14 1462868731.2 1462868726.63 -4569.99993324 2407
33 usuario8 1462868732.24 1462868726.03 -6203.29999924 2346
34 usuario7 1462868758.8 1462868734.13 -24669.3999767 876
34 usuario13 1462868758.67 1462868738.03 -20642.8000927 5170
34 usuario16 1462868759.07 1462868738.49 -20584.3000412 5461
34 usuario9 1462868758.81 1462868735.13 -23674.4000912 1825
34 usuario4 1462868758.98 1462868734.25 -24732.0001125 1226
34 usuario12 1462868759.29 1462868734.51 -24774.29986 1262
34 usuario1 1462868758.67 1462868734.56 -24105.4000854 1613
34 usuario3 1462868758.58 1462868758.55 -32.9999923706 25801
34 usuario15 1462868759.0 1462868735.34 -23654.9999714 2044
34 usuario11 1462868758.7 1462868736.05 -22643.5000896 2837
34 usuario2 1462868758.38 1462868735.52 -22864.3000126 3119
34 usuario10 1462868759.29 1462868733.56 -25735.5999947 926
34 usuario6 1462868759.26 1462868743.81 -15453.2999992 10838
34 usuario5 1462868758.7 1462868736.05 -22653.1999111 2757
34 usuario14 1462868758.34 1462868734.68 -23652.1999836 2152
34 usuario8 1462868758.82 1462868735.14 -23674.4999886 1847
35 usuario7 1462868779.36 1462868760.74 -18616.6000366 890
35 usuario13 1462868779.67 1462868767.28 -12391.0999298 7542
35 usuario16 1462868779.34 1462868762.87 -16469.700098 2738
35 usuario9 1462868780.28 1462868761.67 -18613.699913 1801
35 usuario4 1462868779.97 1462868761.44 -18529.5000076 1397
35 usuario12 1462868779.98 1462868762.46 -17517.1000957 2115
35 usuario1 1462868779.8 1462868761.95 -17846.6000557 2195
35 usuario3 1462868779.95 1462868779.92 -26.7000198364 20265
35 usuario15 1462868779.45 1462868761.95 -17502.9001236 1894
35 usuario11 1462868780.06 1462868765.6 -14455.799818 5852
35 usuario2 1462868780.29 1462868763.81 -16478.2998562 4307
35 usuario10 1462868779.73 1462868761.17 -18559.1001511 823
35 usuario6 1462868779.42 1462868775.25 -4162.60004044 14935
35 usuario5 1462868779.94 1462868761.41 -18538.3999348 1628
35 usuario14 1462868779.02 1462868762.36 -16662.2998714 2701
35 usuario8 1462868779.53 1462868762.0 -17529.2999744 2127
36 usuario7 1462868798.97 1462868781.43 -17539.1998291 1022
36 usuario13 1462868798.53 1462868797.45 -1083.29987526 16724
36 usuario16 1462868799.17 1462868785.76 -13416.200161 4314
36 usuario9 1462868798.61 1462868785.08 -13527.4000168 3740
36 usuario4 1462868798.6 1462868782.1 -16493.4000969 1080
36 usuario12 1462868799.01 1462868783.56 -15456.5000534 2518
36 usuario1 1462868798.81 1462868785.17 -13642.4999237 4264
36 usuario3 1462868781.0 1462868799.39 18388.2000446 18351
36 usuario15 1462868798.39 1462868782.85 -15543.200016 2341
36 usuario11 1462868799.13 1462868784.68 -14450.9000778 3555
36 usuario2 1462868798.91 1462868783.43 -15483.7999344 2084
36 usuario10 1462868799.18 1462868782.56 -16616.1999702 1785
36 usuario6 1462868798.92 1462868790.65 -8270.69997787 10171
36 usuario5 1462868799.06 1462868782.53 -16532.0000648 1517
36 usuario14 1462868798.75 1462868785.17 -13579.9000263 4661
36 usuario8 1462868798.69 1462868783.22 -15471.3001251 2632
37 usuario7 1462868807.27 1462868802.1 -5179.39996719 2065
37 usuario13 1462868806.41 1462868804.3 -2106.99987411 4718
37 usuario16 1462868807.28 1462868806.21 -1079.39982414 5967
37 usuario9 1462868806.75 1462868801.47 -5283.09988976 1809
37 usuario4 1462868807.08 1462868800.87 -6206.09998703 1217
37 usuario12 1462868807.24 1462868804.1 -3141.79992676 4024
37 usuario1 1462868807.0 1462868806.96 -40.8999919891 7027
37 usuario3 1462868807.17 1462868800.96 -6202.30007172 1486
37 usuario15 1462868807.22 1462868803.06 -4157.09996223 2589
37 usuario11 1462868807.14 1462868805.04 -2101.50003433 4853
37 usuario2 1462868806.84 1462868801.59 -5242.30003357 1618
37 usuario10 1462868806.55 1462868801.35 -5194.4000721 1041
37 usuario6 1462868807.33 1462868803.18 -4151.30019188 3207
37 usuario5 1462868806.72 1462868802.55 -4170.00007629 2422
37 usuario14 1462868807.44 1462868802.67 -4772.50003815 2426
37 usuario8 1462868806.92 1462868801.72 -5206.20012283 1965
38 usuario7 1462868817.47 1462868809.2 -8269.40011978 865
38 usuario13 1462868817.72 1462868817.69 -26.4999866486 9163
38 usuario16 1462868817.48 1462868810.24 -7240.10014534 1898
38 usuario9 1462868817.7 1462868810.46 -7246.79994583 2570
38 usuario4 1462868817.55 1462868809.28 -8263.29994202 1151
38 usuario12 1462868817.95 1462868810.71 -7239.2001152 2414
38 usuario1 1462868817.44 1462868816.34 -1100.80003738 8228
38 usuario3 1462868817.56 1462868811.29 -6269.70005035 3066
38 usuario15 1462868817.84 1462868812.65 -5189.59999084 4372
38 usuario11 1462868817.92 1462868812.68 -5237.79988289 4485
38 usuario2 1462868817.94 1462868812.73 -5204.80012894 4836
38 usuario10 1462868817.79 1462868809.49 -8299.20005798 1884
38 usuario6 1462868818.19 1462868814.03 -4165.40002823 5619
38 usuario5 1462868817.76 1462868809.5 -8252.10022926 1737
38 usuario14 1462868818.14 1462868812.12 -6013.70000839 3457
38 usuario8 1462868818.26 1462868811.02 -7240.59987068 3050
39 usuario7 1462868832.74 1462868819.32 -13418.200016 788
39 usuario13 1462868833.33 1462868820.96 -12369.9998856 2169
39 usuario16 1462868833.09 1462868821.73 -11353.9001942 3198
39 usuario9 1462868833.02 1462868820.65 -12368.8001633 1897
39 usuario4 1462868832.93 1462868819.55 -13381.7999363 924
39 usuario12 1462868833.47 1462868820.09 -13387.5999451 1077
39 usuario1 1462868833.04 1462868820.43 -12606.700182 1893
39 usuario3 1462868833.29 1462868833.26 -28.3000469208 14644
39 usuario15 1462868833.34 1462868828.16 -5181.79988861 9256
39 usuario11 1462868832.59 1462868822.29 -10305.5000305 3318
39 usuario2 1462868832.89 1462868822.57 -10323.10009 3583
39 usuario10 1462868833.27 1462868820.89 -12386.300087 2045
39 usuario6 1462868833.46 1462868830.34 -3120.80001831 11094
39 usuario5 1462868833.48 1462868820.09 -13389.8000717 1273
39 usuario14 1462868832.37 1462868821.93 -10440.4001236 2522
39 usuario8 1462868833.15 1462868821.8 -11347.700119 2474
40 usuario7 1462868841.78 1462868834.56 -7227.39982605 768
40 usuario13 1462868841.54 1462868839.44 -2093.6999321 5057
40 usuario16 1462868841.67 1462868837.53 -4144.00005341 3386
40 usuario9 1462868842.17 1462868838.02 -4153.50008011 3952
40 usuario4 1462868842.05 1462868834.82 -7233.30020905 847
40 usuario12 1462868842.26 1462868836.06 -6203.20010185 1526
40 usuario1 1462868842.35 1462868836.01 -6342.80014038 1879
40 usuario3 1462868842.02 1462868837.85 -4166.69988632 3496
40 usuario15 1462868842.26 1462868839.13 -3135.29992104 4725
40 usuario11 1462868842.43 1462868842.4 -27.5001525879 8727
40 usuario2 1462868841.76 1462868835.54 -6212.80002594 1590
40 usuario10 1462868841.99 1462868837.84 -4156.59999847 3517
40 usuario6 1462868842.48 1462868838.29 -4181.49995804 3779
40 usuario5 1462868842.11 1462868835.88 -6232.80000687 1355
40 usuario14 1462868841.93 1462868837.23 -4698.19998741 3306
40 usuario8 1462868841.68 1462868836.46 -5212.60023117 2256
41 usuario7 1462868857.97 1462868843.51 -14464.6999836 671
41 usuario13 1462868857.62 1462868845.23 -12387.6001835 2638
41 usuario16 1462868857.64 1462868857.61 -34.3000888824 14875
41 usuario9 1462868857.98 1462868845.6 -12381.2999725 2371
41 usuario4 1462868858.43 1462868845.03 -13398.1997967 1916
41 usuario12 1462868858.12 1462868844.71 -13414.9999619 1385
41 usuario1 1462868857.62 1462868845.02 -12604.6001911 1578
41 usuario3 1462868858.33 1462868847.99 -10337.3999596 4908
41 usuario15 1462868858.5 1462868845.11 -13398.7998962 1779
41 usuario11 1462868857.61 1462868845.19 -12422.1000671 1686
41 usuario2 1462868857.9 1462868845.5 -12404.0999413 2677
41 usuario10 1462868857.88 1462868845.41 -12470.099926 2359
41 usuario6 1462868857.89 1462868848.58 -9312.59989738 5034
41 usuario5 1462868857.69 1462868844.29 -13395.4999447 1116
41 usuario14 1462868858.35 1462868845.69 -12663.8000011 2537
41 usuario8 1462868858.33 1462868845.94 -12386.1999512 3185
42 usuario7 1462868870.36 1462868860.04 -10327.8000355 1008
42 usuario13 1462868870.17 1462868864.96 -5215.80004692 6283
42 usuario16 1462868870.27 1462868860.97 -9300.69994926 2257
42 usuario9 1462868870.54 1462868861.17 -9361.59992218 2136
42 usuario4 1462868869.64 1462868861.38 -8267.69995689 1885
42 usuario12 1462868870.62 1462868860.28 -10341.3000107 1108
42 usuario1 1462868869.93 1462868860.41 -9526.70001984 1690
42 usuario3 1462868869.84 1462868869.82 -25.7000923157 10420
42 usuario15 1462868869.61 1462868863.39 -6218.40000153 3835
42 usuario11 1462868870.07 1462868861.74 -8327.3999691 3062
42 usuario2 1462868869.93 1462868860.63 -9303.60007286 1667
42 usuario10 1462868869.64 1462868860.35 -9297.09982872 1418
42 usuario6 1462868870.32 1462868860.98 -9338.4001255 2025
42 usuario5 1462868870.54 1462868860.22 -10327.1000385 1468
42 usuario14 1462868870.34 1462868862.49 -7850.10004044 2844
42 usuario8 1462868870.06 1462868861.79 -8267.40002632 2402
43 usuario7 1462868878.83 1462868872.62 -6218.8000679 1198
43 usuario13 1462868879.48 1462868873.2 -6279.00004387 1977
43 usuario16 1462868879.05 1462868873.86 -5190.99998474 2536
43 usuario9 1462868879.47 1462868874.29 -5179.30006981 2687
43 usuario4 1462868879.34 1462868872.09 -7246.50001526 1386
43 usuario12 1462868879.22 1462868875.05 -4173.39992523 3364
43 usuario1 1462868879.32 1462868875.0 -4321.79999352 3961
43 usuario3 1462868878.74 1462868872.53 -6210.50000191 1602
43 usuario15 1462868878.69 1462868872.49 -6202.3999691 1807
43 usuario11 1462868879.52 1462868874.31 -5204.40006256 3177
43 usuario2 1462868879.45 1462868872.21 -7240.00000954 1219
43 usuario10 1462868878.96 1462868872.74 -6224.0998745 2038
43 usuario6 1462868879.67 1462868879.63 -35.4998111725 8254
43 usuario5 1462868878.7 1462868873.51 -5193.09997559 1911
43 usuario14 1462868878.81 1462868875.4 -3413.50007057 3781
43 usuario8 1462868879.62 1462868876.51 -3112.6999855 5371
44 usuario7 1462868894.26 1462868880.81 -13449.4001865 930
44 usuario13 1462868894.42 1462868894.39 -27.3001194 13850
44 usuario16 1462868894.16 1462868883.85 -10313.3997917 3741
44 usuario9 1462868893.73 1462868882.39 -11340.9998417 1854
44 usuario4 1462868894.55 1462868882.2 -12345.7000256 1797
44 usuario12 1462868894.23 1462868887.01 -7223.70004654 6729
44 usuario1 1462868894.29 1462868881.51 -12784.6999168 1106
44 usuario3 1462868894.5 1462868881.09 -13410.1998806 1301
44 usuario15 1462868894.49 1462868881.1 -13391.4000988 1348
44 usuario11 1462868893.93 1462868882.58 -11343.100071 2007
44 usuario2 1462868893.87 1462868882.5 -11369.9998856 2002
44 usuario10 1462868894.58 1462868882.18 -12401.0000229 2157
44 usuario6 1462868894.63 1462868886.35 -8278.69987488 5605
44 usuario5 1462868893.83 1462868881.46 -12370.1999187 1701
44 usuario14 1462868894.34 1462868883.89 -10451.0998726 3692
44 usuario8 1462868893.9 1462868883.54 -10366.6000366 2866
45 usuario7 1462868907.52 1462868896.17 -11357.2001457 853
45 usuario13 1462868907.24 1462868897.96 -9280.79986572 2470
45 usuario16 1462868906.84 1462868906.81 -32.5999259949 11579
45 usuario9 1462868906.96 1462868896.63 -10332.6001167 1846
45 usuario4 1462868906.86 1462868896.57 -10291.8000221 975
45 usuario12 1462868907.27 1462868900.0 -7265.10000229 4713
45 usuario1 1462868906.73 1462868897.12 -9615.90003967 1584
45 usuario3 1462868907.19 1462868896.87 -10314.499855 1316
45 usuario15 1462868907.68 1462868897.36 -10311.5999699 1817
45 usuario11 1462868907.29 1462868896.83 -10459.499836 1856
45 usuario2 1462868906.83 1462868896.52 -10313.8999939 1570
45 usuario10 1462868907.63 1462868897.31 -10320.8999634 1669
45 usuario6 1462868907.07 1462868902.91 -4162.40000725 7222
45 usuario5 1462868907.73 1462868896.33 -11401.9999504 1449
45 usuario14 1462868907.69 1462868898.63 -9068.59993935 3067
45 usuario8 1462868907.13 1462868897.84 -9294.6999073 2883
46 usuario7 1462868913.84 1462868909.68 -4157.20009804 1096
46 usuario13 1462868914.23 1462868913.07 -1159.10005569 4773
46 usuario16 1462868914.59 1462868912.49 -2102.40006447 4575
46 usuario9 1462868913.93 1462868910.8 -3129.89997864 2781
46 usuario4 1462868914.44 1462868910.26 -4177.00004578 2340
46 usuario12 1462868914.35 1462868909.17 -5184.49997902 843
46 usuario1 1462868914.55 1462868909.27 -5278.10001373 1322
46 usuario3 1462868914.53 1462868910.34 -4194.00000572 2098
46 usuario15 1462868914.43 1462868911.28 -3149.89995956 2549
46 usuario11 1462868913.92 1462868910.8 -3125.99992752 2457
46 usuario2 1462868914.61 1462868911.46 -3153.69987488 3562
46 usuario10 1462868913.88 1462868910.75 -3131.20007515 2061
46 usuario6 1462868914.4 1462868912.3 -2099.60007668 4176
46 usuario5 1462868913.95 1462868910.82 -3125.69999695 1973
46 usuario14 1462868914.37 1462868914.28 -86.699962616 5328
46 usuario8 1462868914.26 1462868911.12 -3140.40017128 2931
47 usuario7 1462868924.07 1462868915.79 -8284.30008888 872
47 usuario13 1462868924.25 1462868918.03 -6223.39987755 2740
47 usuario16 1462868924.09 1462868924.05 -34.3999862671 8382
47 usuario9 1462868924.31 1462868917.06 -7252.50005722 2065
47 usuario4 1462868923.91 1462868917.65 -6262.20011711 2147
47 usuario12 1462868924.46 1462868916.18 -8278.7001133 767
47 usuario1 1462868924.69 1462868918.33 -6357.10000992 2695
47 usuario3 1462868924.05 1462868917.84 -6214.60008621 2241
47 usuario15 1462868924.18 1462868920.01 -4167.39988327 4530
47 usuario11 1462868924.09 1462868916.86 -7238.20018768 1878
47 usuario2 1462868923.95 1462868918.68 -5263.29994202 3005
47 usuario10 1462868924.78 1462868919.6 -5176.4998436 4655
47 usuario6 1462868923.97 1462868917.74 -6230.19981384 2292
47 usuario5 1462868923.92 1462868916.68 -7240.90003967 1616
47 usuario14 1462868923.85 1462868919.29 -4564.50009346 3651
47 usuario8 1462868924.17 1462868916.91 -7256.60014153 1600
48 usuario7 1462868933.24 1462868925.99 -7257.79986382 855
48 usuario13 1462868933.05 1462868929.91 -3134.09996033 4512
48 usuario16 1462868932.9 1462868929.75 -3149.19996262 4587
48 usuario9 1462868933.5 1462868927.26 -6238.49987984 1896
48 usuario4 1462868933.32 1462868927.13 -6198.09985161 2159
48 usuario12 1462868933.71 1462868926.46 -7257.60006905 940
48 usuario1 1462868932.99 1462868927.69 -5294.6999073 1907
48 usuario3 1462868932.88 1462868926.66 -6220.90005875 1543
48 usuario15 1462868933.26 1462868928.05 -5203.69982719 2815
48 usuario11 1462868933.54 1462868933.51 -29.4001102448 8350
48 usuario2 1462868933.05 1462868927.81 -5238.69991302 2808
48 usuario10 1462868933.25 1462868928.05 -5199.30005074 2210
48 usuario6 1462868933.56 1462868929.39 -4169.89994049 4359
48 usuario5 1462868933.75 1462868926.5 -7247.20001221 1530
48 usuario14 1462868932.85 1462868928.16 -4692.00015068 3110
48 usuario8 1462868932.98 1462868927.79 -5190.39988518 2566
49 usuario7 1462868944.36 1462868935.06 -9293.40004921 762
49 usuario13 1462868944.34 1462868937.1 -7240.4999733 3000
49 usuario16 1462868944.72 1462868940.48 -4240.50021172 6519
49 usuario9 1462868944.5 1462868936.23 -8273.60010147 1668
49 usuario4 1462868944.48 1462868936.16 -8323.4000206 1779
49 usuario12 1462868944.25 1462868944.22 -27.3001194 9398
49 usuario1 1462868944.63 1462868935.18 -9455.90019226 1097
49 usuario3 1462868943.96 1462868935.68 -8273.90003204 1756
49 usuario15 1462868944.33 1462868936.98 -7349.79987144 2665
49 usuario11 1462868944.57 1462868939.39 -5181.49995804 4782
49 usuario2 1462868944.81 1462868935.51 -9299.80015755 1399
49 usuario10 1462868944.54 1462868935.24 -9297.50013351 926
49 usuario6 1462868944.89 1462868936.52 -8369.4999218 1901
49 usuario5 1462868944.64 1462868938.41 -6229.5999527 3596
49 usuario14 1462868944.61 1462868938.75 -5862.29991913 4649
49 usuario8 1462868944.28 1462868936.01 -8267.99988747 1979
50 usuario7 1462868945.38 1462868946.04 659.300088882 631
50 usuario13 1462868945.37 1462868952.43 7057.39998817 7029
50 usuario16 1462868945.74 1462868950.05 4305.99999428 4283
50 usuario9 1462868945.53 1462868947.06 1536.79990768 1505
50 usuario4 1462868945.51 1462868947.45 1939.69988823 1912
50 usuario12 1462868945.29 1462868946.56 1264.69993591 1235
50 usuario1 1462868945.69 1462868946.66 976.999998093 925
50 usuario3 1462868944.99 1462868946.49 1506.99996948 1479
50 usuario15 1462868945.43 1462868947.97 2546.79989815 2516
50 usuario11 1462868945.6 1462868953.47 7872.29990959 7841
50 usuario2 1462868945.83 1462868949.41 3571.60019875 3546
50 usuario10 1462868945.57 1462868947.49 1924.90005493 1895
50 usuario6 1462868945.91 1462868948.16 2247.60007858 2219
50 usuario5 1462868945.67 1462868948.19 2524.80006218 2495
50 usuario14 1462868945.69 1462868948.66 2965.50011635 2869
50 usuario8 1462868945.31 1462868947.91 2596.69995308 2571
