round user time_start time_end time_php time_js
1 usuario11 1462882992.23 1462882978.88 -13349.4000435 4718
1 usuario13 1462882992.31 1462882985.11 -7204.79989052 10888
1 usuario5 1462882992.24 1462882979.93 -12305.5999279 5287
1 usuario10 1462882992.63 1462882984.42 -8212.20016479 9895
1 usuario14 1462882992.29 1462882992.27 -20.4999446869 17647
1 usuario7 1462882992.61 1462882985.4 -7201.79986954 10937
1 usuario12 1462882991.7 1462882979.39 -12308.7999821 5031
1 usuario16 1462882992.49 1462882987.32 -5169.70014572 12630
1 usuario6 1462882992.4 1462882984.2 -8201.59983635 10206
1 usuario8 1462882992.01 1462882990.96 -1049.09992218 16652
1 usuario9 1462882992.57 1462882981.3 -11273.0000019 6837
1 usuario2 1462882992.06 1462882983.83 -8225.79979897 9199
1 usuario15 1462882992.33 1462882981.03 -11299.6001244 6530
1 usuario3 1462882992.26 1462882988.14 -4115.79990387 13724
1 usuario4 1462882992.32 1462882981.02 -11303.2999039 6505
1 usuario1 1462882992.45 1462882985.26 -7191.99991226 11321
2 usuario11 1462883015.2 1462883003.9 -11293.0998802 10612
2 usuario13 1462883015.12 1462882999.72 -15398.8997936 6361
2 usuario5 1462883015.72 1462883000.35 -15366.1999702 7072
2 usuario10 1462883015.13 1462883000.77 -14361.0999584 7085
2 usuario14 1462883015.61 1462883011.47 -4137.69984245 18106
2 usuario7 1462883015.41 1462883011.27 -4136.39998436 17615
2 usuario12 1462883015.24 1462882994.75 -20494.7998524 1944
2 usuario16 1462883015.68 1462883002.33 -13354.0999889 8775
2 usuario6 1462883015.06 1462883015.03 -22.7999687195 21584
2 usuario8 1462883015.04 1462882997.63 -17406.9001675 4578
2 usuario9 1462883015.76 1462883001.39 -14366.8999672 7773
2 usuario2 1462883014.77 1462882999.42 -15349.6999741 6314
2 usuario15 1462883014.9 1462882996.43 -18470.4999924 3059
2 usuario3 1462883015.34 1462883006.11 -9232.59997368 12809
2 usuario4 1462883015.35 1462882998.93 -16423.2001305 5552
2 usuario1 1462883015.63 1462882997.21 -18423.9001274 3719
3 usuario11 1462883036.79 1462883022.41 -14384.0000629 6159
3 usuario13 1462883035.84 1462883020.42 -15422.3999977 4257
3 usuario5 1462883036.8 1462883029.61 -7193.39990616 12843
3 usuario10 1462883036.7 1462883024.39 -12314.3999577 8208
3 usuario14 1462883036.27 1462883036.25 -20.7002162933 19601
3 usuario7 1462883035.93 1462883019.51 -16428.5001755 3047
3 usuario12 1462883036.43 1462883018.92 -17508.2998276 2633
3 usuario16 1462883035.87 1462883025.59 -10276.4000893 8857
3 usuario6 1462883036.26 1462883033.18 -3081.79998398 17070
3 usuario8 1462883036.38 1462883028.18 -8204.60009575 12089
3 usuario9 1462883036.28 1462883021.93 -14348.9999771 5091
3 usuario2 1462883036.23 1462883020.86 -15372.0998764 5034
3 usuario15 1462883035.86 1462883020.44 -15421.599865 4488
3 usuario3 1462883036.16 1462883028.98 -7181.90002441 12558
3 usuario4 1462883036.54 1462883018.05 -18485.2998257 1654
3 usuario1 1462883035.98 1462883031.83 -4148.09989929 15154
4 usuario11 1462883055.36 1462883043.05 -12317.0998096 5204
4 usuario13 1462883055.15 1462883041.81 -13336.1001015 4925
4 usuario5 1462883055.75 1462883041.39 -14365.2000427 3547
4 usuario10 1462883055.65 1462883044.37 -11282.5000286 6627
4 usuario14 1462883055.77 1462883054.71 -1061.1000061 17369
4 usuario7 1462883055.31 1462883054.24 -1067.19994545 17253
4 usuario12 1462883055.62 1462883039.22 -16401.0000229 1733
4 usuario16 1462883055.1 1462883048.91 -6185.69993973 11998
4 usuario6 1462883055.01 1462883046.79 -8219.50006485 9488
4 usuario8 1462883055.61 1462883040.24 -15375.399828 2811
4 usuario9 1462883055.75 1462883044.45 -11300.7998466 7127
4 usuario2 1462883055.43 1462883043.12 -12307.8999519 5846
4 usuario15 1462883055.74 1462883039.3 -16442.8999424 2396
4 usuario3 1462883055.35 1462883055.32 -24.7001647949 18116
4 usuario4 1462883055.02 1462883041.68 -13340.8000469 4101
4 usuario1 1462883055.57 1462883045.3 -10268.5000896 8275
5 usuario11 1462883071.7 1462883059.37 -12325.8001804 2960
5 usuario13 1462883071.68 1462883063.45 -8224.2000103 7257
5 usuario5 1462883071.83 1462883059.47 -12361.1001968 2665
5 usuario10 1462883070.92 1462883060.63 -10291.3999557 3929
5 usuario14 1462883071.19 1462883068.09 -3103.00016403 11280
5 usuario7 1462883071.23 1462883071.21 -19.5000171661 14849
5 usuario12 1462883071.54 1462883059.23 -12313.1999969 2555
5 usuario16 1462883070.89 1462883065.72 -5171.200037 9581
5 usuario6 1462883071.45 1462883067.33 -4115.00000954 11276
5 usuario8 1462883071.62 1462883061.36 -10266.7999268 4697
5 usuario9 1462883071.36 1462883059.05 -12308.6998463 2244
5 usuario2 1462883071.4 1462883061.15 -10252.7000904 4673
5 usuario15 1462883071.01 1462883059.61 -11402.1999836 2807
5 usuario3 1462883071.65 1462883060.38 -11270.1001167 3990
5 usuario4 1462883071.11 1462883059.82 -11290.4999256 3750
5 usuario1 1462883071.39 1462883066.22 -5164.00003433 9602
6 usuario11 1462883085.64 1462883081.51 -4133.30006599 8753
6 usuario13 1462883085.32 1462883078.12 -7203.89986038 5396
6 usuario5 1462883085.5 1462883076.26 -9241.89996719 3383
6 usuario10 1462883085.66 1462883076.42 -9244.19999123 4461
6 usuario14 1462883085.47 1462883075.22 -10252.0000935 2975
6 usuario7 1462883085.9 1462883074.6 -11299.4999886 2312
6 usuario12 1462883085.35 1462883075.09 -10262.9001141 2503
6 usuario16 1462883085.4 1462883081.26 -4142.60005951 9319
6 usuario6 1462883085.37 1462883076.15 -9222.49984741 3629
6 usuario8 1462883085.5 1462883082.41 -3093.40000153 9732
6 usuario9 1462883085.48 1462883075.24 -10243.5998917 2840
6 usuario2 1462883085.68 1462883076.44 -9237.90001869 3993
6 usuario15 1462883085.31 1462883074.95 -10364.8998737 2878
6 usuario3 1462883085.45 1462883085.42 -28.1000137329 12713
6 usuario4 1462883085.44 1462883075.18 -10265.4998302 3023
6 usuario1 1462883085.3 1462883079.05 -6247.20001221 6622
7 usuario11 1462883099.13 1462883089.87 -9258.10003281 3181
7 usuario13 1462883099.63 1462883090.36 -9266.20006561 3998
7 usuario5 1462883099.59 1462883089.33 -10258.9998245 2777
7 usuario10 1462883099.55 1462883090.28 -9272.59993553 3574
7 usuario14 1462883099.78 1462883099.76 -21.6000080109 13252
7 usuario7 1462883099.42 1462883090.14 -9279.00004387 3188
7 usuario12 1462883099.19 1462883088.88 -10317.2998428 2480
7 usuario16 1462883099.87 1462883089.58 -10287.4999046 3138
7 usuario6 1462883099.26 1462883094.13 -5133.70013237 7711
7 usuario8 1462883099.81 1462883091.58 -8229.20012474 5030
7 usuario9 1462883099.38 1462883091.07 -8309.00001526 4544
7 usuario2 1462883099.32 1462883091.12 -8204.40006256 4398
7 usuario15 1462883099.87 1462883088.56 -11314.2001629 2194
7 usuario3 1462883099.37 1462883092.18 -7189.30006027 5680
7 usuario4 1462883099.45 1462883089.17 -10282.1998596 2677
7 usuario1 1462883099.41 1462883094.25 -5162.40000725 7899
8 usuario11 1462883112.22 1462883103.98 -8231.60004616 3809
8 usuario13 1462883112.98 1462883105.77 -7201.59983635 5092
8 usuario5 1462883112.17 1462883102.92 -9250.90003014 2293
8 usuario10 1462883112.43 1462883105.24 -7189.30006027 4640
8 usuario14 1462883112.41 1462883106.25 -6161.90004349 5395
8 usuario7 1462883112.08 1462883112.06 -23.1001377106 11597
8 usuario12 1462883112.52 1462883101.22 -11299.2999554 980
8 usuario16 1462883112.51 1462883103.27 -9243.20006371 2354
8 usuario6 1462883112.61 1462883104.4 -8207.00001717 4101
8 usuario8 1462883112.59 1462883105.4 -7186.80000305 4551
8 usuario9 1462883112.37 1462883105.18 -7187.40010262 4754
8 usuario2 1462883112.97 1462883102.71 -10257.2000027 2341
8 usuario15 1462883112.65 1462883103.41 -9243.90006065 2493
8 usuario3 1462883112.42 1462883106.27 -6156.79979324 5854
8 usuario4 1462883112.24 1462883102.98 -9253.29995155 2494
8 usuario1 1462883112.2 1462883110.1 -2094.89989281 9647
9 usuario11 1462883136.1 1462883119.67 -16420.6998348 6415
9 usuario13 1462883137.02 1462883123.65 -13368.7999249 9627
9 usuario5 1462883136.31 1462883124.01 -12306.5998554 10759
9 usuario10 1462883136.46 1462883114.94 -21515.8998966 1470
9 usuario14 1462883136.17 1462883127.95 -8228.1999588 14487
9 usuario7 1462883136.83 1462883116.34 -20490.7000065 3190
9 usuario12 1462883136.13 1462883115.63 -20498.7001419 2059
9 usuario16 1462883137.02 1462883115.5 -21522.0999718 1945
9 usuario6 1462883136.7 1462883136.68 -22.0000743866 23026
9 usuario8 1462883136.87 1462883114.32 -22549.6001244 689
9 usuario9 1462883136.82 1462883115.31 -21513.5002136 1896
9 usuario2 1462883136.96 1462883116.48 -20481.4999104 2476
9 usuario15 1462883136.06 1462883117.61 -18453.2999992 3904
9 usuario3 1462883136.18 1462883118.75 -17422.6999283 5287
9 usuario4 1462883136.85 1462883115.32 -21530.600071 2035
9 usuario1 1462883136.69 1462883118.23 -18454.7998905 4962
10 usuario11 1462883152.26 1462883145.06 -7198.60005379 7904
10 usuario13 1462883153.04 1462883140.73 -12310.9998703 2661
10 usuario5 1462883152.6 1462883141.33 -11277.3997784 3973
10 usuario10 1462883152.75 1462883149.66 -3094.19989586 12148
10 usuario14 1462883152.51 1462883142.25 -10261.3999844 5025
10 usuario7 1462883152.55 1462883146.38 -6173.39992523 8500
10 usuario12 1462883152.16 1462883138.84 -13325.6001472 1659
10 usuario16 1462883153.06 1462883145.86 -7193.89986992 7789
10 usuario6 1462883152.5 1462883140.19 -12303.6999702 2443
10 usuario8 1462883152.2 1462883152.18 -21.5001106262 14263
10 usuario9 1462883152.79 1462883141.52 -11270.7998753 3655
10 usuario2 1462883152.66 1462883141.38 -11284.6000195 3364
10 usuario15 1462883152.52 1462883139.17 -13347.4001884 2055
10 usuario3 1462883152.09 1462883147.98 -4111.20009422 10733
10 usuario4 1462883152.82 1462883140.5 -12326.6000748 2600
10 usuario1 1462883152.66 1462883141.37 -11285.7999802 3643
11 usuario11 1462883173.28 1462883159.95 -13338.2999897 6643
11 usuario13 1462883173.74 1462883156.31 -17432.9998493 2226
11 usuario5 1462883173.97 1462883157.57 -16394.0000534 3927
11 usuario10 1462883173.51 1462883157.12 -16387.1002197 3324
11 usuario14 1462883173.22 1462883166.02 -7193.19987297 12472
11 usuario7 1462883174.14 1462883155.69 -18456.2997818 2088
11 usuario12 1462883173.49 1462883155.05 -18438.5001659 1849
11 usuario16 1462883173.55 1462883157.14 -16409.4998837 3033
11 usuario6 1462883173.83 1462883155.41 -18422.2998619 1866
11 usuario8 1462883173.42 1462883154.98 -18434.800148 1737
11 usuario9 1462883173.48 1462883156.07 -17415.500164 2230
11 usuario2 1462883173.3 1462883156.92 -16383.1000328 3216
11 usuario15 1462883173.22 1462883155.76 -17455.6000233 2197
11 usuario3 1462883174.12 1462883174.09 -27.4000167847 20936
11 usuario4 1462883174.0 1462883157.59 -16414.0999317 3724
11 usuario1 1462883173.91 1462883161.61 -12301.89991 7902
12 usuario11 1462883191.61 1462883184.41 -7197.60012627 10054
12 usuario13 1462883191.21 1462883179.91 -11301.0001183 5121
12 usuario5 1462883192.01 1462883182.76 -9251.60002708 7745
12 usuario10 1462883191.41 1462883177.03 -14378.7000179 2479
12 usuario14 1462883191.58 1462883191.56 -21.8999385834 17296
12 usuario7 1462883191.36 1462883183.14 -8223.09994698 7921
12 usuario12 1462883192.16 1462883177.8 -14361.2999916 3265
12 usuario16 1462883191.73 1462883180.43 -11297.0001698 5834
12 usuario6 1462883192.16 1462883180.87 -11281.899929 5999
12 usuario8 1462883191.84 1462883175.43 -16409.9998474 963
12 usuario9 1462883191.98 1462883180.71 -11266.9999599 6177
12 usuario2 1462883191.55 1462883179.23 -12321.2001324 4881
12 usuario15 1462883191.2 1462883175.8 -15398.3998299 1531
12 usuario3 1462883191.51 1462883181.26 -10246.7999458 6088
12 usuario4 1462883192.05 1462883177.69 -14360.7001305 2643
12 usuario1 1462883191.97 1462883178.58 -13388.7000084 3618
13 usuario11 1462883210.06 1462883196.72 -13337.4998569 4070
13 usuario13 1462883209.73 1462883195.36 -14363.699913 3107
13 usuario5 1462883209.56 1462883195.13 -14426.199913 2071
13 usuario10 1462883209.61 1462883196.26 -13348.5999107 3809
13 usuario14 1462883209.65 1462883199.38 -10265.3999329 6728
13 usuario7 1462883209.2 1462883209.18 -19.9999809265 16771
13 usuario12 1462883210.1 1462883194.71 -15391.4999962 1504
13 usuario16 1462883209.7 1462883204.55 -5152.49991417 11781
13 usuario6 1462883209.26 1462883195.94 -13314.8999214 2747
13 usuario8 1462883209.85 1462883209.82 -21.8999385834 16934
13 usuario9 1462883209.74 1462883195.39 -14343.5001373 2375
13 usuario2 1462883209.57 1462883195.21 -14362.5001907 2593
13 usuario15 1462883209.89 1462883194.49 -15404.0999413 2238
13 usuario3 1462883210.06 1462883210.04 -24.5001316071 17480
13 usuario4 1462883210.19 1462883196.84 -13354.2001247 3737
13 usuario1 1462883209.69 1462883199.44 -10250.9000301 6424
14 usuario11 1462883228.98 1462883214.62 -14360.5999947 3519
14 usuario13 1462883228.5 1462883214.12 -14375.0 3353
14 usuario5 1462883228.6 1462883228.57 -22.500038147 17966
14 usuario10 1462883228.67 1462883214.31 -14357.1000099 3628
14 usuario14 1462883228.37 1462883218.1 -10269.4001198 7408
14 usuario7 1462883228.67 1462883215.31 -13361.5000248 3996
14 usuario12 1462883228.88 1462883212.47 -16410.7000828 1323
14 usuario16 1462883228.6 1462883221.37 -7223.29998016 10625
14 usuario6 1462883228.96 1462883214.51 -14453.2999992 4213
14 usuario8 1462883229.22 1462883213.84 -15384.8998547 2943
14 usuario9 1462883228.29 1462883213.95 -14336.0998631 3172
14 usuario2 1462883229.03 1462883213.67 -15360.1999283 3045
14 usuario15 1462883229.03 1462883213.62 -15407.2999954 2680
14 usuario3 1462883228.94 1462883217.66 -11275.7000923 6550
14 usuario4 1462883228.89 1462883214.52 -14363.9998436 3290
14 usuario1 1462883229.01 1462883213.64 -15365.4000759 2907
15 usuario11 1462883247.77 1462883233.39 -14385.1997852 3362
15 usuario13 1462883247.99 1462883232.6 -15393.2001591 3048
15 usuario5 1462883247.78 1462883232.42 -15358.2000732 2773
15 usuario10 1462883248.15 1462883231.75 -16401.5002251 2035
15 usuario14 1462883248.07 1462883240.88 -7196.79999352 11456
15 usuario7 1462883247.37 1462883232.02 -15355.3001881 2305
15 usuario12 1462883247.42 1462883231.03 -16390.7999992 1098
15 usuario16 1462883247.81 1462883247.79 -17.6999568939 18144
15 usuario6 1462883248.07 1462883241.92 -6153.10001373 11891
15 usuario8 1462883247.48 1462883232.12 -15363.2998466 1853
15 usuario9 1462883247.78 1462883232.44 -15339.6000862 2083
15 usuario2 1462883247.77 1462883235.41 -12361.5000248 5336
15 usuario15 1462883248.31 1462883231.88 -16434.2000484 1801
15 usuario3 1462883247.65 1462883237.4 -10253.8001537 7414
15 usuario4 1462883247.33 1462883231.95 -15387.9001141 2010
15 usuario1 1462883248.3 1462883236.99 -11307.1000576 6944
16 usuario11 1462883259.95 1462883251.73 -8221.30012512 2917
16 usuario13 1462883259.78 1462883252.58 -7204.20002937 3545
16 usuario5 1462883260.06 1462883256.96 -3101.20010376 8130
16 usuario10 1462883259.63 1462883252.44 -7199.30005074 3239
16 usuario14 1462883259.87 1462883259.84 -21.1999416351 10726
16 usuario7 1462883260.02 1462883251.76 -8255.10001183 3341
16 usuario12 1462883260.18 1462883249.9 -10281.4998627 1435
16 usuario16 1462883260.37 1462883259.29 -1077.10003853 10404
16 usuario6 1462883259.91 1462883254.72 -5192.80004501 5601
16 usuario8 1462883259.85 1462883253.69 -6166.69988632 5162
16 usuario9 1462883259.5 1462883251.3 -8201.40004158 2478
16 usuario2 1462883260.27 1462883251.04 -9232.50007629 2224
16 usuario15 1462883259.74 1462883251.44 -8303.69997025 2076
16 usuario3 1462883259.63 1462883251.41 -8217.40007401 2714
16 usuario4 1462883259.88 1462883250.63 -9254.50015068 2246
16 usuario1 1462883260.32 1462883252.11 -8211.69996262 2769
17 usuario11 1462883277.15 1462883263.8 -13343.3001041 2805
17 usuario13 1462883276.56 1462883265.27 -11291.8000221 4442
17 usuario5 1462883277.12 1462883277.1 -20.2000141144 15994
17 usuario10 1462883277.06 1462883263.72 -13332.4999809 3046
17 usuario14 1462883276.4 1462883272.27 -4127.89988518 11329
17 usuario7 1462883277.36 1462883262.99 -14370.4001904 1924
17 usuario12 1462883277.18 1462883262.83 -14351.4997959 1599
17 usuario16 1462883277.29 1462883270.07 -7216.2001133 8656
17 usuario6 1462883277.37 1462883263.98 -13385.2000237 3030
17 usuario8 1462883276.62 1462883264.25 -12369.4000244 3354
17 usuario9 1462883276.84 1462883262.5 -14339.5998478 1952
17 usuario2 1462883277.14 1462883263.79 -13349.9000072 2476
17 usuario15 1462883276.54 1462883264.21 -12329.3001652 3424
17 usuario3 1462883276.97 1462883268.77 -8201.20000839 8097
17 usuario4 1462883276.65 1462883263.31 -13348.400116 2379
17 usuario1 1462883276.54 1462883274.46 -2083.60004425 13087
18 usuario11 1462883289.43 1462883281.19 -8232.50007629 3004
18 usuario13 1462883289.43 1462883281.2 -8229.50005531 3592
18 usuario5 1462883288.82 1462883284.7 -4121.39987946 6519
18 usuario10 1462883289.32 1462883280.08 -9239.59994316 1979
18 usuario14 1462883288.86 1462883288.83 -26.4000892639 10368
18 usuario7 1462883288.92 1462883279.68 -9243.29996109 1277
18 usuario12 1462883288.83 1462883279.59 -9240.00000954 1361
18 usuario16 1462883289.08 1462883282.89 -6194.70000267 4549
18 usuario6 1462883288.6 1462883285.51 -3085.7000351 7097
18 usuario8 1462883289.28 1462883280.04 -9233.50000381 2377
18 usuario9 1462883288.62 1462883282.46 -6154.20007706 4572
18 usuario2 1462883288.46 1462883280.2 -8255.5000782 1931
18 usuario15 1462883288.83 1462883280.59 -8238.30008507 2998
18 usuario3 1462883289.19 1462883287.11 -2077.19993591 9090
18 usuario4 1462883288.8 1462883280.58 -8223.59991074 2879
18 usuario1 1462883289.03 1462883285.92 -3109.69996452 8334
19 usuario11 1462883298.73 1462883292.5 -6222.70011902 2031
19 usuario13 1462883298.8 1462883292.62 -6184.70001221 2137
19 usuario5 1462883299.39 1462883294.21 -5183.09998512 4342
19 usuario10 1462883299.2 1462883292.0 -7199.70011711 1630
19 usuario14 1462883298.98 1462883293.83 -5152.60004997 3909
19 usuario7 1462883298.81 1462883291.58 -7228.50012779 1616
19 usuario12 1462883298.7 1462883291.49 -7205.70015907 1620
19 usuario16 1462883299.36 1462883292.15 -7211.10010147 2023
19 usuario6 1462883299.19 1462883299.17 -19.700050354 9527
19 usuario8 1462883299.12 1462883294.99 -4130.59997559 4667
19 usuario9 1462883298.82 1462883291.61 -7210.99996567 1950
19 usuario2 1462883299.13 1462883290.92 -8217.90003777 1410
19 usuario15 1462883298.82 1462883292.63 -6194.60010529 2748
19 usuario3 1462883299.39 1462883296.3 -3094.70009804 6059
19 usuario4 1462883299.2 1462883291.98 -7218.29986572 2140
19 usuario1 1462883299.12 1462883296.02 -3098.59991074 5943
20 usuario11 1462883316.92 1462883305.63 -11287.5001431 5832
20 usuario13 1462883316.81 1462883303.47 -13341.9001102 3622
20 usuario5 1462883317.44 1462883310.25 -7189.10002708 9814
20 usuario10 1462883316.86 1462883301.48 -15379.1999817 1231
20 usuario14 1462883316.63 1462883302.28 -14348.2000828 2254
20 usuario7 1462883316.77 1462883316.74 -27.8000831604 16874
20 usuario12 1462883317.4 1462883302.02 -15382.4000359 2279
20 usuario16 1462883317.42 1462883303.03 -14391.9000626 2625
20 usuario6 1462883317.03 1462883303.71 -13319.0000057 3465
20 usuario8 1462883317.23 1462883303.91 -13323.3001232 3743
20 usuario9 1462883317.11 1462883301.72 -15383.1999302 1862
20 usuario2 1462883317.22 1462883303.89 -13329.4000626 3713
20 usuario15 1462883317.19 1462883301.79 -15402.299881 1916
20 usuario3 1462883316.55 1462883306.29 -10264.8999691 5848
20 usuario4 1462883316.57 1462883302.19 -14378.3998489 1934
20 usuario1 1462883316.56 1462883308.32 -8244.89998817 8150
21 usuario11 1462883332.57 1462883322.31 -10256.000042 4348
21 usuario13 1462883332.36 1462883320.04 -12316.9000149 2188
21 usuario5 1462883332.24 1462883321.96 -10275.3999233 3473
21 usuario10 1462883331.92 1462883319.62 -12307.1000576 1713
21 usuario14 1462883331.84 1462883324.64 -7199.19991493 6944
21 usuario7 1462883331.97 1462883328.85 -3122.30014801 11015
21 usuario12 1462883332.11 1462883320.81 -11300.8000851 2366
21 usuario16 1462883331.7 1462883320.33 -11372.0998764 1861
21 usuario6 1462883332.14 1462883324.97 -7171.200037 6888
21 usuario8 1462883331.76 1462883325.6 -6163.80000114 7289
21 usuario9 1462883332.26 1462883320.98 -11283.4999561 2831
21 usuario2 1462883332.11 1462883320.82 -11289.2000675 2554
21 usuario15 1462883332.51 1462883319.15 -13351.9999981 914
21 usuario3 1462883331.85 1462883322.62 -9228.099823 5029
21 usuario4 1462883332.13 1462883319.8 -12330.1999569 2186
21 usuario1 1462883332.12 1462883332.09 -24.2998600006 14482
22 usuario11 1462883353.08 1462883336.63 -16449.1999149 3027
22 usuario13 1462883353.18 1462883338.77 -14409.3000889 5341
22 usuario5 1462883352.68 1462883339.36 -13321.0999966 6080
22 usuario10 1462883352.79 1462883337.42 -15367.1000004 4454
22 usuario14 1462883353.1 1462883341.82 -11281.8000317 8927
22 usuario7 1462883352.67 1462883352.65 -21.6000080109 19628
22 usuario12 1462883352.96 1462883334.51 -18445.9998608 1355
22 usuario16 1462883353.19 1462883336.78 -16413.20014 4023
22 usuario6 1462883352.61 1462883336.22 -16387.5000477 3041
22 usuario8 1462883353.46 1462883336.04 -17421.599865 3234
22 usuario9 1462883352.88 1462883336.49 -16388.299942 3188
22 usuario2 1462883353.29 1462883335.87 -17421.8001366 2712
22 usuario15 1462883353.48 1462883335.01 -18468.2998657 1452
22 usuario3 1462883353.34 1462883335.94 -17401.7999172 3043
22 usuario4 1462883352.95 1462883336.53 -16411.4999771 3355
22 usuario1 1462883353.46 1462883346.24 -7215.99984169 13051
23 usuario11 1462883368.08 1462883356.78 -11300.6999493 2646
23 usuario13 1462883367.71 1462883359.47 -8233.30020905 5246
23 usuario5 1462883368.38 1462883356.08 -12302.9999733 2351
23 usuario10 1462883368.3 1462883364.16 -4133.59999657 10294
23 usuario14 1462883368.53 1462883359.3 -9229.09998894 5151
23 usuario7 1462883368.53 1462883355.21 -13327.6998997 1471
23 usuario12 1462883367.91 1462883355.6 -12309.3998432 1596
23 usuario16 1462883368.43 1462883357.12 -11311.1999035 2880
23 usuario6 1462883368.43 1462883358.19 -10247.4999428 4530
23 usuario8 1462883368.01 1462883367.99 -20.4999446869 13483
23 usuario9 1462883367.9 1462883358.66 -9243.59989166 4728
23 usuario2 1462883368.03 1462883355.72 -12306.4000607 1392
23 usuario15 1462883368.09 1462883355.76 -12332.7000141 1235
23 usuario3 1462883368.49 1462883360.28 -8205.19995689 5890
23 usuario4 1462883368.24 1462883356.81 -11434.9000454 2815
23 usuario1 1462883367.97 1462883365.88 -2095.00002861 11370
24 usuario11 1462883380.23 1462883373.03 -7200.40011406 3904
24 usuario13 1462883380.15 1462883372.94 -7202.60000229 4186
24 usuario5 1462883380.32 1462883371.07 -9252.30002403 1643
24 usuario10 1462883379.84 1462883371.63 -8215.19994736 2281
24 usuario14 1462883379.98 1462883375.84 -4141.49999619 6267
24 usuario7 1462883379.88 1462883379.86 -27.1999835968 10272
24 usuario12 1462883380.32 1462883370.05 -10269.4001198 1094
24 usuario16 1462883379.77 1462883373.58 -6192.80004501 4110
24 usuario6 1462883380.07 1462883375.95 -4125.20003319 6464
24 usuario8 1462883380.17 1462883371.95 -8224.2000103 2883
24 usuario9 1462883380.63 1462883371.4 -9232.30004311 2448
24 usuario2 1462883379.71 1462883370.46 -9259.29999352 1387
24 usuario15 1462883380.11 1462883369.77 -10334.7001076 630
24 usuario3 1462883380.69 1462883371.46 -9228.39999199 1929
24 usuario4 1462883379.87 1462883371.64 -8237.30015755 2347
24 usuario1 1462883379.87 1462883371.66 -8207.9000473 2640
25 usuario11 1462883405.53 1462883386.05 -19477.4000645 4780
25 usuario13 1462883404.93 1462883385.45 -19474.2000103 4260
25 usuario5 1462883404.94 1462883391.61 -13329.100132 10235
25 usuario10 1462883405.19 1462883382.64 -22552.2999763 1746
25 usuario14 1462883404.86 1462883386.42 -18432.6999187 5397
25 usuario7 1462883405.69 1462883387.24 -18448.6000538 6288
25 usuario12 1462883405.48 1462883382.94 -22538.8000011 1582
25 usuario16 1462883404.76 1462883384.24 -20512.0000839 3430
25 usuario6 1462883405.05 1462883384.55 -20499.0999699 3439
25 usuario8 1462883404.99 1462883383.47 -21522.7999687 2249
25 usuario9 1462883405.2 1462883384.67 -20529.6001434 2996
25 usuario2 1462883404.92 1462883383.42 -21497.0998764 2667
25 usuario15 1462883405.1 1462883382.53 -22568.8998699 1371
25 usuario3 1462883405.27 1462883405.24 -24.9001979828 23511
25 usuario4 1462883404.95 1462883383.42 -21523.0998993 2502
25 usuario1 1462883405.44 1462883383.93 -21512.3999119 3021
26 usuario11 1462883416.76 1462883414.67 -2086.79986 8100
26 usuario13 1462883416.31 1462883409.1 -7212.80002594 3131
26 usuario5 1462883415.82 1462883408.63 -7196.39992714 2647
26 usuario10 1462883415.8 1462883408.6 -7201.59983635 2368
26 usuario14 1462883416.52 1462883411.37 -5141.19982719 5475
26 usuario7 1462883416.39 1462883416.37 -21.7001438141 9629
26 usuario12 1462883416.07 1462883408.87 -7204.20002937 2349
26 usuario16 1462883416.01 1462883413.92 -2093.29986572 8099
26 usuario6 1462883416.57 1462883410.4 -6167.99998283 4311
26 usuario8 1462883416.43 1462883410.27 -6158.60009193 4234
26 usuario9 1462883416.58 1462883409.4 -7176.7001152 3162
26 usuario2 1462883416.24 1462883408.02 -8220.39985657 2061
26 usuario15 1462883415.93 1462883407.7 -8227.40006447 1568
26 usuario3 1462883416.44 1462883408.23 -8216.30001068 1911
26 usuario4 1462883416.1 1462883407.86 -8243.90006065 1878
26 usuario1 1462883415.78 1462883410.63 -5148.00000191 4153
27 usuario11 1462883425.5 1462883422.4 -3108.30020905 4598
27 usuario13 1462883425.56 1462883421.42 -4136.09981537 4069
27 usuario5 1462883424.98 1462883418.8 -6176.5999794 1934
27 usuario10 1462883425.78 1462883419.61 -6171.69976234 2763
27 usuario14 1462883425.77 1462883425.75 -23.0000019073 8188
27 usuario7 1462883425.18 1462883421.06 -4119.09985542 3608
27 usuario12 1462883425.75 1462883418.55 -7200.40011406 1434
27 usuario16 1462883425.09 1462883420.95 -4139.19997215 3892
27 usuario6 1462883424.9 1462883419.73 -5176.89990997 2114
27 usuario8 1462883425.39 1462883419.22 -6173.40016365 1745
27 usuario9 1462883425.14 1462883422.04 -3102.20003128 4418
27 usuario2 1462883425.83 1462883419.6 -6229.69985008 2319
27 usuario15 1462883425.17 1462883417.97 -7199.10001755 988
27 usuario3 1462883425.07 1462883418.88 -6185.40000916 1395
27 usuario4 1462883425.3 1462883419.12 -6181.49995804 1969
27 usuario1 1462883424.85 1462883420.73 -4121.19984627 3907
28 usuario11 1462883434.81 1462883429.65 -5157.00006485 3104
28 usuario13 1462883434.78 1462883429.61 -5163.59996796 3010
28 usuario5 1462883434.2 1462883429.06 -5141.99995995 3039
28 usuario10 1462883434.41 1462883429.26 -5147.30000496 2436
28 usuario14 1462883434.12 1462883432.04 -2081.3999176 5197
28 usuario7 1462883434.36 1462883428.19 -6167.0999527 1968
28 usuario12 1462883434.16 1462883427.99 -6172.69992828 1196
28 usuario16 1462883433.99 1462883433.96 -26.0999202728 7829
28 usuario6 1462883434.3 1462883431.2 -3100.20017624 5153
28 usuario8 1462883434.86 1462883427.66 -7196.90012932 1222
28 usuario9 1462883434.86 1462883428.7 -6167.2000885 2512
28 usuario2 1462883434.44 1462883428.26 -6175.79984665 1391
28 usuario15 1462883434.63 1462883427.43 -7204.49995995 1216
28 usuario3 1462883434.58 1462883428.42 -6163.69986534 2311
28 usuario4 1462883433.98 1462883427.8 -6185.9998703 1456
28 usuario1 1462883434.3 1462883428.14 -6168.09988022 2241
29 usuario11 1462883446.21 1462883439.0 -7213.89985085 3145
29 usuario13 1462883446.88 1462883439.66 -7223.60014915 3840
29 usuario5 1462883446.74 1462883437.49 -9246.29998207 2245
29 usuario10 1462883446.72 1462883437.48 -9241.69993401 2026
29 usuario14 1462883446.09 1462883436.85 -9237.19978333 1690
29 usuario7 1462883446.02 1462883440.88 -5147.69983292 5470
29 usuario12 1462883446.74 1462883436.41 -10329.4000626 1205
29 usuario16 1462883446.67 1462883437.41 -9260.20002365 2345
29 usuario6 1462883446.57 1462883437.32 -9253.59988213 1973
29 usuario8 1462883446.39 1462883437.13 -9256.59990311 1232
29 usuario9 1462883445.95 1462883438.77 -7185.40000916 2860
29 usuario2 1462883446.22 1462883436.92 -9291.70012474 1447
29 usuario15 1462883446.39 1462883437.13 -9261.69991493 1434
29 usuario3 1462883446.23 1462883438.01 -8217.60010719 2381
29 usuario4 1462883446.58 1462883436.29 -10284.89995 1262
29 usuario1 1462883446.24 1462883446.22 -22.0000743866 10839
30 usuario11 1462883455.63 1462883449.46 -6176.7001152 2200
30 usuario13 1462883454.95 1462883450.82 -4135.09988785 2889
30 usuario5 1462883455.77 1462883455.74 -22.7999687195 7931
30 usuario10 1462883455.42 1462883450.25 -5167.79994965 2493
30 usuario14 1462883455.65 1462883448.45 -7198.49991798 1323
30 usuario7 1462883455.22 1462883448.99 -6223.40011597 1925
30 usuario12 1462883455.41 1462883449.23 -6179.80003357 1448
30 usuario16 1462883455.52 1462883449.34 -6184.49997902 1624
30 usuario6 1462883455.84 1462883449.68 -6165.29989243 2061
30 usuario8 1462883455.58 1462883448.32 -7263.4999752 881
30 usuario9 1462883455.47 1462883452.38 -3089.60008621 5347
30 usuario2 1462883455.8 1462883448.61 -7184.99994278 1354
30 usuario15 1462883455.04 1462883448.85 -6184.49997902 1415
30 usuario3 1462883455.91 1462883450.77 -5145.10011673 3497
30 usuario4 1462883455.72 1462883449.51 -6206.79998398 1890
30 usuario1 1462883455.31 1462883451.13 -4178.40003967 3824
31 usuario11 1462883462.55 1462883458.42 -4133.50009918 1745
31 usuario13 1462883462.21 1462883459.08 -3122.79987335 3084
31 usuario5 1462883462.25 1462883462.23 -19.9000835419 5409
31 usuario10 1462883462.81 1462883458.67 -4131.09993935 2211
31 usuario14 1462883462.07 1462883457.95 -4116.89996719 1266
31 usuario7 1462883462.12 1462883457.98 -4131.00004196 1725
31 usuario12 1462883462.63 1462883458.5 -4126.70016289 2039
31 usuario16 1462883462.12 1462883457.98 -4141.49999619 1412
31 usuario6 1462883462.32 1462883458.21 -4117.79999733 1319
31 usuario8 1462883462.19 1462883458.07 -4119.09985542 1440
31 usuario9 1462883462.62 1462883460.54 -2077.2998333 4029
31 usuario2 1462883462.14 1462883458.01 -4127.30002403 1167
31 usuario15 1462883462.38 1462883457.22 -5155.49993515 1134
31 usuario3 1462883462.34 1462883459.24 -3101.7999649 2284
31 usuario4 1462883462.32 1462883458.19 -4132.29990005 1419
31 usuario1 1462883462.34 1462883458.21 -4120.90015411 1868
32 usuario11 1462883487.02 1462883465.5 -21518.2001591 1905
32 usuario13 1462883486.94 1462883465.32 -21618.7000275 2074
32 usuario5 1462883486.37 1462883464.85 -21514.1999722 1556
32 usuario10 1462883486.86 1462883465.34 -21513.7999058 1483
32 usuario14 1462883486.1 1462883468.67 -17432.8999519 5553
32 usuario7 1462883486.07 1462883486.05 -22.3999023438 22858
32 usuario12 1462883486.12 1462883465.63 -20490.4999733 1954
32 usuario16 1462883486.24 1462883465.74 -20502.4001598 2540
32 usuario6 1462883486.27 1462883464.77 -21499.7000694 1408
32 usuario8 1462883486.83 1462883464.29 -22536.0000134 1057
32 usuario9 1462883486.12 1462883465.65 -20474.7998714 1983
32 usuario2 1462883486.23 1462883479.03 -7196.39992714 15820
32 usuario15 1462883486.5 1462883465.96 -20543.7998772 2537
32 usuario3 1462883486.47 1462883465.98 -20489.0999794 2590
32 usuario4 1462883486.13 1462883466.63 -19498.3999729 3268
32 usuario1 1462883486.21 1462883467.77 -18444.2000389 4387
33 usuario11 1462883509.48 1462883491.02 -18457.7000141 2956
33 usuario13 1462883509.6 1462883490.03 -19562.0000362 2013
33 usuario5 1462883509.56 1462883490.09 -19471.4999199 2681
33 usuario10 1462883509.28 1462883489.8 -19472.8000164 1901
33 usuario14 1462883509.67 1462883490.19 -19478.2001972 2960
33 usuario7 1462883509.1 1462883496.76 -12335.6001377 9617
33 usuario12 1462883509.18 1462883488.67 -20501.8999577 1510
33 usuario16 1462883509.2 1462883489.66 -19543.8001156 2368
33 usuario6 1462883510.05 1462883510.03 -22.7999687195 22708
33 usuario8 1462883509.12 1462883489.64 -19481.400013 1771
33 usuario9 1462883510.04 1462883489.57 -20473.3998775 2403
33 usuario2 1462883509.13 1462883491.71 -17421.2999344 4438
33 usuario15 1462883509.76 1462883496.4 -13357.3000431 8845
33 usuario3 1462883510.04 1462883493.65 -16398.6999989 6110
33 usuario4 1462883509.78 1462883489.27 -20506.000042 2097
33 usuario1 1462883509.43 1462883490.98 -18453.8002014 3718
34 usuario11 1462883521.11 1462883517.99 -3114.60018158 7474
34 usuario13 1462883521.51 1462883513.29 -8223.70004654 2648
34 usuario5 1462883521.68 1462883514.47 -7210.59989929 3864
34 usuario10 1462883522.06 1462883512.8 -9255.3999424 2480
34 usuario14 1462883521.68 1462883512.44 -9240.30017853 1710
34 usuario7 1462883522.0 1462883521.98 -22.9001045227 11830
34 usuario12 1462883521.53 1462883512.27 -9253.49998474 2053
34 usuario16 1462883522.04 1462883511.77 -10268.7001228 1527
34 usuario6 1462883522.07 1462883514.89 -7181.69999123 3793
34 usuario8 1462883521.69 1462883511.42 -10266.0999298 1254
34 usuario9 1462883521.13 1462883512.91 -8217.09990501 1832
34 usuario2 1462883521.37 1462883512.13 -9240.70000648 1955
34 usuario15 1462883522.04 1462883512.78 -9264.60003853 1974
34 usuario3 1462883521.88 1462883513.67 -8211.80009842 2582
34 usuario4 1462883521.23 1462883513.97 -7259.19985771 3145
34 usuario1 1462883521.87 1462883512.64 -9231.69994354 2166
35 usuario11 1462883530.79 1462883526.66 -4131.20007515 3484
35 usuario13 1462883530.38 1462883528.28 -2091.80021286 5724
35 usuario5 1462883531.11 1462883525.95 -5153.89990807 3221
35 usuario10 1462883531.09 1462883527.91 -3185.79983711 4802
35 usuario14 1462883531.05 1462883528.96 -2088.00005913 6235
35 usuario7 1462883530.61 1462883524.44 -6168.80011559 1374
35 usuario12 1462883531.02 1462883524.83 -6186.19990349 2261
35 usuario16 1462883530.62 1462883525.45 -5167.79994965 2371
35 usuario6 1462883530.5 1462883527.41 -3098.40011597 4289
35 usuario8 1462883530.66 1462883525.51 -5145.69997787 2774
35 usuario9 1462883531.13 1462883524.96 -6164.70003128 2787
35 usuario2 1462883530.87 1462883530.85 -19.6001529694 8435
35 usuario15 1462883530.65 1462883524.46 -6191.6000843 1367
35 usuario3 1462883531.01 1462883526.9 -4113.19994926 3969
35 usuario4 1462883530.35 1462883526.21 -4131.99996948 3941
35 usuario1 1462883530.75 1462883525.6 -5155.90000153 2682
36 usuario11 1462883542.37 1462883540.29 -2084.10000801 8456
36 usuario13 1462883543.14 1462883534.91 -8222.10001945 3493
36 usuario5 1462883543.05 1462883536.89 -6158.69998932 4738
36 usuario10 1462883542.3 1462883533.95 -8345.99995613 1808
36 usuario14 1462883542.61 1462883537.47 -5138.99993896 5374
36 usuario7 1462883542.82 1462883542.8 -21.6000080109 11138
36 usuario12 1462883543.16 1462883533.91 -9245.90015411 1846
36 usuario16 1462883543.1 1462883533.84 -9266.4000988 2168
36 usuario6 1462883542.98 1462883532.73 -10250.0998974 1184
36 usuario8 1462883543.04 1462883539.94 -3100.80003738 8235
36 usuario9 1462883543.19 1462883533.97 -9217.1998024 1796
36 usuario2 1462883542.24 1462883534.04 -8204.79989052 2105
36 usuario15 1462883543.19 1462883532.91 -10287.6999378 1210
36 usuario3 1462883542.49 1462883534.28 -8214.79988098 2226
36 usuario4 1462883542.87 1462883532.6 -10269.6998119 1208
36 usuario1 1462883542.75 1462883534.53 -8217.1998024 2736
37 usuario11 1462883550.23 1462883547.12 -3108.700037 3705
37 usuario13 1462883550.3 1462883548.21 -2092.80014038 4024
37 usuario5 1462883550.48 1462883547.38 -3099.60007668 3290
37 usuario10 1462883551.01 1462883546.88 -4128.20005417 3530
37 usuario14 1462883550.98 1462883544.81 -6178.20000648 1146
37 usuario7 1462883550.92 1462883549.85 -1077.3999691 5957
37 usuario12 1462883551.06 1462883545.91 -5147.70007133 1711
37 usuario16 1462883550.64 1462883549.59 -1050.40001869 5438
37 usuario6 1462883550.45 1462883550.43 -21.4002132416 6375
37 usuario8 1462883550.48 1462883546.35 -4126.29985809 2270
37 usuario9 1462883550.29 1462883549.25 -1048.00009727 5009
37 usuario2 1462883550.59 1462883547.5 -3096.40002251 4206
37 usuario15 1462883550.86 1462883546.73 -4134.90009308 2488
37 usuario3 1462883550.33 1462883546.21 -4124.30000305 2671
37 usuario4 1462883550.49 1462883546.36 -4129.00018692 2447
37 usuario1 1462883550.75 1462883550.73 -23.4000682831 6930
38 usuario11 1462883561.81 1462883554.61 -7206.3999176 3334
38 usuario13 1462883561.48 1462883554.26 -7216.00008011 2920
38 usuario5 1462883561.28 1462883555.1 -6183.6001873 3566
38 usuario10 1462883561.76 1462883561.73 -22.7999687195 9674
38 usuario14 1462883562.14 1462883553.85 -8285.89987755 1826
38 usuario7 1462883562.03 1462883560.95 -1071.8998909 8976
38 usuario12 1462883561.95 1462883553.7 -8246.50001526 1599
38 usuario16 1462883561.56 1462883553.33 -8229.50005531 1644
38 usuario6 1462883562.26 1462883555.04 -7222.19991684 3540
38 usuario8 1462883561.3 1462883552.04 -9258.30006599 515
38 usuario9 1462883562.06 1462883559.99 -2068.50004196 8653
38 usuario2 1462883561.91 1462883554.71 -7198.99988174 3076
38 usuario15 1462883561.55 1462883553.28 -8269.69981194 1364
38 usuario3 1462883562.13 1462883554.93 -7201.10011101 3559
38 usuario4 1462883562.08 1462883553.81 -8261.19995117 2278
38 usuario1 1462883562.16 1462883553.94 -8220.39985657 2124
39 usuario11 1462883568.01 1462883565.92 -2090.49987793 3058
39 usuario13 1462883567.36 1462883565.26 -2099.49994087 2733
39 usuario5 1462883567.82 1462883564.72 -3101.30000114 2393
39 usuario10 1462883567.38 1462883566.31 -1078.50003242 3495
39 usuario14 1462883567.57 1462883565.48 -2094.00010109 2294
39 usuario7 1462883567.83 1462883567.8 -28.1000137329 4729
39 usuario12 1462883568.28 1462883564.14 -4134.19985771 1147
39 usuario16 1462883567.57 1462883564.47 -3106.00018501 1858
39 usuario6 1462883567.63 1462883564.54 -3096.99988365 1224
39 usuario8 1462883568.23 1462883563.08 -5151.59988403 733
39 usuario9 1462883568.22 1462883564.09 -4123.30007553 986
39 usuario2 1462883568.3 1462883564.17 -4130.10001183 1215
39 usuario15 1462883567.57 1462883564.45 -3123.29983711 1850
39 usuario3 1462883567.55 1462883565.46 -2088.00005913 2279
39 usuario4 1462883568.01 1462883564.89 -3113.60001564 1770
39 usuario1 1462883567.3 1462883565.21 -2083.19997787 2002
40 usuario11 1462883580.22 1462883570.96 -9258.39996338 1902
40 usuario13 1462883580.02 1462883571.78 -8235.1000309 3374
40 usuario5 1462883579.55 1462883570.22 -9327.19993591 1356
40 usuario10 1462883580.13 1462883570.88 -9252.79998779 2447
40 usuario14 1462883580.29 1462883570.01 -10276.0999203 1398
40 usuario7 1462883580.05 1462883580.03 -22.0999717712 11129
40 usuario12 1462883579.56 1462883570.31 -9252.79998779 985
40 usuario16 1462883579.33 1462883570.08 -9249.8998642 1363
40 usuario6 1462883580.09 1462883569.83 -10263.7000084 1140
40 usuario8 1462883580.12 1462883572.89 -7221.40002251 3611
40 usuario9 1462883579.65 1462883571.43 -8221.59981728 2160
40 usuario2 1462883579.98 1462883570.7 -9278.30004692 1349
40 usuario15 1462883579.81 1462883570.55 -9260.29992104 1928
40 usuario3 1462883579.77 1462883569.48 -10282.9999924 892
40 usuario4 1462883579.61 1462883572.39 -7216.39990807 3332
40 usuario1 1462883579.69 1462883570.45 -9243.00003052 2104
41 usuario11 1462883595.48 1462883585.18 -10295.0000763 3919
41 usuario13 1462883596.03 1462883583.71 -12321.0999966 2645
41 usuario5 1462883595.78 1462883589.6 -6183.09998512 8999
41 usuario10 1462883596.22 1462883582.89 -13329.2999268 1706
41 usuario14 1462883595.57 1462883592.46 -3107.50007629 11125
41 usuario7 1462883596.33 1462883596.3 -27.1999835968 15177
41 usuario12 1462883596.19 1462883581.81 -14371.2999821 1201
41 usuario16 1462883596.22 1462883588.0 -8217.70000458 6591
41 usuario6 1462883595.71 1462883582.35 -13363.3999825 1207
41 usuario8 1462883595.98 1462883584.6 -11378.7000179 3431
41 usuario9 1462883596.1 1462883582.79 -13312.5998974 2092
41 usuario2 1462883595.38 1462883584.05 -11328.6998272 3026
41 usuario15 1462883595.87 1462883582.5 -13371.999979 1634
41 usuario3 1462883595.38 1462883582.05 -13326.9000053 1239
41 usuario4 1462883596.22 1462883582.85 -13366.300106 2200
41 usuario1 1462883596.17 1462883582.83 -13338.6998177 2085
42 usuario11 1462883607.45 1462883598.2 -9242.69986153 1687
42 usuario13 1462883608.07 1462883599.84 -8233.700037 2762
42 usuario5 1462883607.93 1462883600.74 -7189.80002403 3915
42 usuario10 1462883607.41 1462883600.21 -7197.60012627 2949
42 usuario14 1462883608.19 1462883597.93 -10253.7000179 1317
42 usuario7 1462883608.11 1462883608.09 -22.2001075745 10697
42 usuario12 1462883608.26 1462883599.01 -9245.69988251 1783
42 usuario16 1462883607.83 1462883600.64 -7183.59994888 3383
42 usuario6 1462883607.94 1462883598.71 -9232.30004311 1954
42 usuario8 1462883607.8 1462883598.57 -9236.00006104 1539
42 usuario9 1462883608.1 1462883603.99 -4110.59999466 6839
42 usuario2 1462883608.31 1462883601.12 -7193.100214 3665
42 usuario15 1462883608.3 1462883598.02 -10286.2999439 1097
42 usuario3 1462883607.59 1462883599.39 -8204.69999313 1936
42 usuario4 1462883607.66 1462883599.43 -8232.80000687 2160
42 usuario1 1462883608.1 1462883599.88 -8212.90016174 2671
43 usuario11 1462883617.61 1462883610.42 -7190.80018997 1929
43 usuario13 1462883618.36 1462883611.15 -7213.70005608 2029
43 usuario5 1462883617.61 1462883612.45 -5161.79990768 3466
43 usuario10 1462883617.91 1462883612.76 -5148.90003204 3269
43 usuario14 1462883618.02 1462883610.84 -7181.20002747 1603
43 usuario7 1462883617.71 1462883613.59 -4117.10000038 4410
43 usuario12 1462883617.69 1462883610.5 -7190.10019302 1198
43 usuario16 1462883618.41 1462883611.2 -7207.00001717 2331
43 usuario6 1462883617.88 1462883610.68 -7198.19998741 1689
43 usuario8 1462883618.28 1462883611.09 -7197.49999046 2238
43 usuario9 1462883617.6 1462883611.44 -6163.50007057 2300
43 usuario2 1462883617.86 1462883617.84 -19.9000835419 8488
43 usuario15 1462883617.95 1462883610.73 -7219.70009804 1386
43 usuario3 1462883618.33 1462883616.25 -2072.09992409 7614
43 usuario4 1462883618.19 1462883609.96 -8232.90014267 1251
43 usuario1 1462883618.3 1462883611.11 -7197.59988785 1970
44 usuario11 1462883632.17 1462883620.87 -11305.0999641 2211
44 usuario13 1462883631.53 1462883624.31 -7222.79977798 4901
44 usuario5 1462883632.49 1462883621.19 -11298.7999916 2536
44 usuario10 1462883631.54 1462883623.3 -8233.79993439 4348
44 usuario14 1462883632.07 1462883632.04 -24.5001316071 12952
44 usuario7 1462883632.38 1462883624.17 -8208.40001106 5410
44 usuario12 1462883632.41 1462883620.09 -12314.499855 1356
44 usuario16 1462883632.28 1462883620.99 -11288.1999016 1540
44 usuario6 1462883631.91 1462883620.56 -11352.1997929 1638
44 usuario8 1462883632.12 1462883621.84 -10278.8999081 2496
44 usuario9 1462883631.74 1462883624.55 -7188.40003014 5898
44 usuario2 1462883631.77 1462883624.57 -7199.10001755 5634
44 usuario15 1462883631.84 1462883622.56 -9279.19983864 3555
44 usuario3 1462883632.38 1462883622.13 -10253.3998489 2761
44 usuario4 1462883631.83 1462883620.53 -11306.499958 1290
44 usuario1 1462883631.51 1462883625.33 -6177.50000954 5981
45 usuario11 1462883647.95 1462883634.59 -13361.4001274 1366
45 usuario13 1462883648.36 1462883636.98 -11382.8001022 4404
45 usuario5 1462883648.53 1462883638.26 -10274.200201 4727
45 usuario10 1462883648.14 1462883635.77 -12373.3000755 3186
45 usuario14 1462883647.7 1462883647.67 -22.3999023438 14530
45 usuario7 1462883647.79 1462883639.54 -8250.20003319 6102
45 usuario12 1462883648.33 1462883634.99 -13345.7000256 1537
45 usuario16 1462883648.39 1462883636.07 -12321.6998577 2748
45 usuario6 1462883647.67 1462883634.31 -13366.0998344 1349
45 usuario8 1462883648.06 1462883639.8 -8258.59999657 6608
45 usuario9 1462883648.12 1462883635.81 -12311.3000393 3024
45 usuario2 1462883648.22 1462883642.03 -6185.60004234 9215
45 usuario15 1462883647.97 1462883634.57 -13393.1000233 1688
45 usuario3 1462883647.81 1462883637.43 -10372.2999096 4000
45 usuario4 1462883647.54 1462883635.2 -12334.5000744 2319
45 usuario1 1462883647.57 1462883635.2 -12367.399931 2650
46 usuario11 1462883657.05 1462883650.85 -6199.70011711 1851
46 usuario13 1462883656.72 1462883651.54 -5176.10001564 2129
46 usuario5 1462883657.57 1462883657.55 -21.399974823 7963
46 usuario10 1462883656.76 1462883651.6 -5157.00006485 2417
46 usuario14 1462883657.05 1462883654.96 -2092.59986877 6186
46 usuario7 1462883657.12 1462883654.02 -3102.60009766 5177
46 usuario12 1462883657.09 1462883650.91 -6180.40013313 1522
46 usuario16 1462883657.51 1462883652.36 -5150.6998539 2913
46 usuario6 1462883657.03 1462883655.98 -1050.40001869 7251
46 usuario8 1462883656.77 1462883654.7 -2076.49993896 5582
46 usuario9 1462883656.63 1462883650.43 -6196.8998909 1269
46 usuario2 1462883656.65 1462883654.57 -2082.39984512 5298
46 usuario15 1462883657.48 1462883651.29 -6189.79978561 2273
46 usuario3 1462883657.16 1462883650.94 -6222.49984741 2086
46 usuario4 1462883656.62 1462883651.34 -5280.09986877 1731
46 usuario1 1462883656.61 1462883652.48 -4131.29997253 3861
47 usuario11 1462883674.29 1462883663.0 -11282.7000618 4901
47 usuario13 1462883674.25 1462883660.91 -13342.400074 3142
47 usuario5 1462883673.67 1462883673.65 -19.9999809265 15020
47 usuario10 1462883673.88 1462883660.52 -13355.7999134 2712
47 usuario14 1462883674.21 1462883659.86 -14351.3998985 1761
47 usuario7 1462883673.64 1462883666.43 -7211.8999958 8248
47 usuario12 1462883673.88 1462883659.52 -14369.399786 1382
47 usuario16 1462883673.9 1462883661.59 -12311.1999035 3033
47 usuario6 1462883674.11 1462883659.77 -14337.5000954 1687
47 usuario8 1462883673.92 1462883659.57 -14345.400095 1747
47 usuario9 1462883673.93 1462883660.63 -13299.6001244 2893
47 usuario2 1462883673.96 1462883659.61 -14353.6999226 1913
47 usuario15 1462883673.92 1462883660.55 -13368.7000275 2014
47 usuario3 1462883673.78 1462883660.46 -13319.4000721 2246
47 usuario4 1462883674.2 1462883659.79 -14413.3000374 2015
47 usuario1 1462883674.31 1462883667.1 -7208.89997482 9437
48 usuario11 1462883685.67 1462883677.39 -8271.8000412 2065
48 usuario13 1462883686.5 1462883679.29 -7204.60009575 3998
48 usuario5 1462883686.33 1462883685.27 -1055.70006371 10537
48 usuario10 1462883686.35 1462883679.16 -7196.00009918 4231
48 usuario14 1462883686.16 1462883676.94 -9226.99999809 1684
48 usuario7 1462883685.97 1462883685.94 -27.4000167847 11258
48 usuario12 1462883686.33 1462883676.06 -10269.9999809 1129
48 usuario16 1462883685.99 1462883676.73 -9258.30006599 1780
48 usuario6 1462883686.11 1462883676.87 -9240.4999733 1721
48 usuario8 1462883686.31 1462883677.05 -9262.59994507 2090
48 usuario9 1462883686.63 1462883676.35 -10277.9998779 1375
48 usuario2 1462883686.65 1462883676.38 -10262.5000477 1378
48 usuario15 1462883686.01 1462883677.76 -8250.50020218 2786
48 usuario3 1462883686.57 1462883678.36 -8204.39982414 3541
48 usuario4 1462883686.05 1462883676.8 -9245.59998512 1558
48 usuario1 1462883685.82 1462883680.66 -5161.20004654 5305
49 usuario11 1462883697.09 1462883688.86 -8235.59999466 2146
49 usuario13 1462883697.26 1462883690.06 -7205.69992065 2519
49 usuario5 1462883697.37 1462883689.15 -8212.19992638 1784
49 usuario10 1462883697.26 1462883690.0 -7251.69992447 2606
49 usuario14 1462883697.56 1462883692.41 -5151.29995346 5193
49 usuario7 1462883697.53 1462883697.5 -21.399974823 10462
49 usuario12 1462883696.86 1462883688.63 -8226.70006752 1263
49 usuario16 1462883696.7 1462883695.65 -1050.1999855 8613
49 usuario6 1462883697.53 1462883688.3 -9232.49983788 1147
49 usuario8 1462883697.15 1462883688.91 -8243.79992485 1547
49 usuario9 1462883697.11 1462883689.91 -7202.19993591 2234
49 usuario2 1462883696.77 1462883688.55 -8221.99988365 859
49 usuario15 1462883696.94 1462883688.69 -8250.20003319 1628
49 usuario3 1462883697.38 1462883690.18 -7199.50008392 2564
49 usuario4 1462883697.7 1462883688.45 -9247.30014801 1354
49 usuario1 1462883697.07 1462883691.92 -5149.19996262 5055
50 usuario11 1462883698.11 1462883702.23 4119.29988861 4097
50 usuario13 1462883698.29 1462883701.16 2873.80003929 2849
50 usuario5 1462883698.39 1462883700.48 2089.90001678 2069
50 usuario10 1462883698.29 1462883707.29 9003.39984894 8951
50 usuario14 1462883698.58 1462883703.08 4503.29995155 4479
50 usuario7 1462883698.57 1462883701.0 2432.90019035 2409
50 usuario12 1462883697.88 1462883699.36 1480.39984703 1455
50 usuario16 1462883698.74 1462883701.61 2865.00000954 2841
50 usuario6 1462883698.56 1462883702.95 4388.10014725 4368
50 usuario8 1462883698.17 1462883701.26 3083.49990845 3063
50 usuario9 1462883698.14 1462883699.97 1837.20016479 1818
50 usuario2 1462883697.8 1462883699.82 2018.10002327 1996
50 usuario15 1462883697.96 1462883700.49 2529.90007401 2505
50 usuario3 1462883698.4 1462883700.38 1983.99996758 1961
50 usuario4 1462883698.72 1462883700.35 1630.80000877 1610
50 usuario1 1462883698.1 1462883701.1 3004.50015068 2982
