round user time_start time_end time_php time_js
1 usuario14 1462282609.77 1462282604.58 -5185.19997597 18717
1 usuario1 1462282609.99 1462282590.47 -19521.3999748 4353
1 usuario11 1462282610.04 1462282589.38 -20665.199995 3447
1 usuario2 1462282610.08 1462282592.37 -17713.7000561 6552
1 usuario15 1462282609.98 1462282595.58 -14396.2001801 10201
1 usuario4 1462282610.05 1462282592.58 -17472.39995 6846
1 usuario8 1462282609.45 1462282609.42 -32.6998233795 23753
1 usuario6 1462282610.01 1462282596.6 -13418.6999798 10823
1 usuario10 1462282609.31 1462282600.02 -9285.79998016 14218
1 usuario5 1462282610.19 1462282591.57 -18619.9998856 5479
1 usuario16 1462282610.05 1462282592.3 -17752.0999908 6298
1 usuario13 1462282609.8 1462282598.45 -11349.0998745 12654
1 usuario7 1462282609.55 1462282593.09 -16466.0000801 7744
1 usuario3 1462282609.92 1462282597.57 -12345.9000587 11464
1 usuario9 1462282609.69 1462282599.27 -10414.4999981 13195
1 usuario12 1462282609.73 1462282589.16 -20564.2001629 3603
2 usuario14 1462282630.68 1462282624.47 -6213.39988708 13646
2 usuario1 1462282631.26 1462282615.74 -15516.5998936 4699
2 usuario11 1462282630.38 1462282614.88 -15504.1999817 3780
2 usuario2 1462282630.51 1462282615.77 -14742.7000999 4600
2 usuario15 1462282631.31 1462282625.07 -6240.80014229 14036
2 usuario4 1462282631.28 1462282619.92 -11356.5998077 8814
2 usuario8 1462282630.39 1462282629.3 -1089.99991417 18783
2 usuario6 1462282630.99 1462282622.66 -8327.19993591 11588
2 usuario10 1462282631.29 1462282631.25 -39.5998954773 20872
2 usuario5 1462282630.6 1462282623.34 -7263.4999752 12084
2 usuario16 1462282630.47 1462282616.86 -13611.2999916 5730
2 usuario13 1462282630.45 1462282619.09 -11363.1000519 8228
2 usuario7 1462282630.87 1462282629.78 -1085.89982986 19173
2 usuario3 1462282630.8 1462282622.52 -8286.00001335 11542
2 usuario9 1462282630.65 1462282618.04 -12606.400013 7301
2 usuario12 1462282631.11 1462282617.73 -13377.9001236 6945
3 usuario14 1462282646.22 1462282642.07 -4153.80001068 10330
3 usuario1 1462282645.98 1462282635.67 -10307.2998524 3292
3 usuario11 1462282645.83 1462282633.45 -12384.5999241 2013
3 usuario2 1462282646.36 1462282640.06 -6300.10008812 8461
3 usuario15 1462282645.6 1462282638.35 -7247.40004539 5991
3 usuario4 1462282645.48 1462282643.37 -2102.69999504 11043
3 usuario8 1462282645.56 1462282641.41 -4155.49993515 9966
3 usuario6 1462282645.74 1462282635.4 -10347.0001221 3349
3 usuario10 1462282646.17 1462282638.93 -7239.10021782 6563
3 usuario5 1462282646.23 1462282646.19 -41.5999889374 14536
3 usuario16 1462282645.83 1462282635.38 -10450.8001804 3846
3 usuario13 1462282646.0 1462282636.71 -9293.29991341 5208
3 usuario7 1462282645.9 1462282641.74 -4163.19990158 9815
3 usuario3 1462282645.56 1462282643.46 -2101.6998291 11596
3 usuario9 1462282646.1 1462282640.89 -5211.29989624 9177
3 usuario12 1462282646.22 1462282641.03 -5184.89980698 8868
4 usuario14 1462282666.46 1462282659.22 -7236.29999161 11915
4 usuario1 1462282667.09 1462282649.52 -17571.2001324 2489
4 usuario11 1462282667.24 1462282649.74 -17508.1000328 2850
4 usuario2 1462282667.4 1462282650.6 -16799.2999554 3160
4 usuario15 1462282667.23 1462282658.98 -8249.20010567 12293
4 usuario4 1462282667.12 1462282667.09 -29.599905014 20533
4 usuario8 1462282667.1 1462282663.97 -3128.60012054 17326
4 usuario6 1462282667.24 1462282652.77 -14461.3001347 5971
4 usuario10 1462282667.02 1462282652.57 -14443.5999393 5346
4 usuario5 1462282666.46 1462282658.2 -8255.59997559 10861
4 usuario16 1462282666.73 1462282649.91 -16815.0000572 2995
4 usuario13 1462282667.06 1462282653.67 -13391.600132 6612
4 usuario7 1462282666.87 1462282660.66 -6208.19997787 13666
4 usuario3 1462282667.46 1462282653.04 -14421.900034 6421
4 usuario9 1462282667.46 1462282651.92 -15536.9000435 4762
4 usuario12 1462282666.71 1462282653.22 -13485.699892 5955
5 usuario14 1462282692.28 1462282679.92 -12363.0001545 12407
5 usuario1 1462282691.65 1462282670.91 -20741.5001392 2771
5 usuario11 1462282692.47 1462282670.77 -21702.1000385 2468
5 usuario2 1462282691.97 1462282677.3 -14669.6999073 8798
5 usuario15 1462282691.76 1462282680.4 -11361.4001274 12107
5 usuario4 1462282691.77 1462282674.29 -17484.9998951 6086
5 usuario8 1462282692.07 1462282673.45 -18617.9001331 5302
5 usuario6 1462282692.32 1462282670.67 -21649.600029 2381
5 usuario10 1462282692.5 1462282672.94 -19562.0999336 4864
5 usuario5 1462282691.5 1462282680.17 -11338.7999535 12653
5 usuario16 1462282691.64 1462282669.61 -22032.4001312 1807
5 usuario13 1462282692.4 1462282673.86 -18534.3999863 5710
5 usuario7 1462282691.89 1462282691.85 -35.7999801636 23934
5 usuario3 1462282692.11 1462282680.78 -11334.7001076 12232
5 usuario9 1462282691.82 1462282677.18 -14639.0001774 8634
5 usuario12 1462282691.51 1462282678.13 -13380.4001808 10340
6 usuario14 1462282712.17 1462282703.89 -8282.19985962 10551
6 usuario1 1462282711.63 1462282703.38 -8245.39995193 10646
6 usuario11 1462282711.99 1462282695.5 -16486.9999886 1979
6 usuario2 1462282712.5 1462282695.65 -16849.2999077 2603
6 usuario15 1462282711.99 1462282702.71 -9281.39996529 9885
6 usuario4 1462282711.78 1462282701.47 -10302.4997711 8647
6 usuario8 1462282711.68 1462282697.21 -14464.5998478 4091
6 usuario6 1462282712.17 1462282695.67 -16503.4999847 2295
6 usuario10 1462282712.51 1462282701.16 -11352.2000313 7575
6 usuario5 1462282712.36 1462282693.84 -18514.9998665 1279
6 usuario16 1462282711.54 1462282703.16 -8380.59997559 10404
6 usuario13 1462282712.43 1462282700.06 -12376.6000271 6514
6 usuario7 1462282712.17 1462282712.13 -38.6002063751 19155
6 usuario3 1462282711.86 1462282701.54 -10321.7999935 8374
6 usuario9 1462282711.77 1462282702.47 -9302.29997635 9591
6 usuario12 1462282711.57 1462282695.09 -16472.1000195 2532
7 usuario14 1462282732.17 1462282726.99 -5177.50000954 13767
7 usuario1 1462282732.24 1462282717.84 -14402.6999474 5153
7 usuario11 1462282732.53 1462282715.01 -17523.3001709 1965
7 usuario2 1462282731.91 1462282716.21 -15695.6000328 2620
7 usuario15 1462282731.95 1462282719.58 -12371.0000515 6514
7 usuario4 1462282732.39 1462282722.07 -10316.9999123 9238
7 usuario8 1462282731.89 1462282719.54 -12345.2999592 6812
7 usuario6 1462282731.64 1462282716.04 -15595.7000256 2811
7 usuario10 1462282732.02 1462282717.49 -14531.3999653 3926
7 usuario5 1462282732.11 1462282721.78 -10329.6999931 8371
7 usuario16 1462282732.43 1462282718.67 -13766.0000324 6032
7 usuario13 1462282731.71 1462282716.15 -15564.800024 2661
7 usuario7 1462282732.53 1462282732.49 -37.5998020172 19254
7 usuario3 1462282731.85 1462282720.53 -11326.6000748 7606
7 usuario9 1462282732.6 1462282727.41 -5195.30010223 14406
7 usuario12 1462282731.94 1462282715.47 -16470.7999229 2850
8 usuario14 1462282753.55 1462282753.52 -28.3999443054 20297
8 usuario1 1462282752.99 1462282739.61 -13384.7000599 6308
8 usuario11 1462282753.49 1462282737.0 -16487.0998859 3414
8 usuario2 1462282753.17 1462282734.33 -18844.5000648 1336
8 usuario15 1462282753.16 1462282751.05 -2105.20005226 18049
8 usuario4 1462282753.14 1462282737.72 -15429.3000698 4277
8 usuario8 1462282753.58 1462282737.1 -16481.1999798 4152
8 usuario6 1462282752.66 1462282738.21 -14447.799921 5515
8 usuario10 1462282752.97 1462282738.55 -14423.3999252 5470
8 usuario5 1462282753.23 1462282739.82 -13409.6000195 6650
8 usuario16 1462282753.02 1462282739.41 -13613.8000488 5848
8 usuario13 1462282752.81 1462282735.27 -17535.3000164 2507
8 usuario7 1462282753.65 1462282744.36 -9288.70010376 10736
8 usuario3 1462282753.03 1462282745.8 -7231.69994354 12889
8 usuario9 1462282753.1 1462282742.76 -10341.9001102 9101
8 usuario12 1462282752.9 1462282734.34 -18554.1000366 1352
9 usuario14 1462282778.2 1462282763.76 -14435.500145 9130
9 usuario1 1462282777.98 1462282758.45 -19528.4998417 4399
9 usuario11 1462282777.8 1462282760.26 -17538.6998653 5686
9 usuario2 1462282778.55 1462282759.73 -18824.1999149 5469
9 usuario15 1462282777.85 1462282764.38 -13464.9000168 10166
9 usuario4 1462282778.46 1462282762.0 -16459.3999386 7799
9 usuario8 1462282778.18 1462282765.83 -12347.700119 11169
9 usuario6 1462282777.77 1462282766.41 -11359.400034 12694
9 usuario10 1462282778.72 1462282759.17 -19551.6998768 5146
9 usuario5 1462282778.44 1462282778.41 -38.1999015808 24121
9 usuario16 1462282778.73 1462282765.11 -13620.4001904 11001
9 usuario13 1462282778.3 1462282758.75 -19555.4001331 4888
9 usuario7 1462282778.73 1462282768.41 -10314.6998882 13711
9 usuario3 1462282778.68 1462282762.19 -16488.0001545 8105
9 usuario9 1462282777.72 1462282765.3 -12416.8000221 11142
9 usuario12 1462282778.04 1462282757.47 -20566.2000179 3525
10 usuario14 1462282796.01 1462282787.75 -8265.10000229 8489
10 usuario1 1462282796.02 1462282781.56 -14460.5000019 2533
10 usuario11 1462282796.61 1462282780.13 -16481.400013 1273
10 usuario2 1462282796.29 1462282785.82 -10473.0000496 6181
10 usuario15 1462282795.97 1462282785.65 -10317.6000118 6751
10 usuario4 1462282795.91 1462282792.77 -3138.40007782 13259
10 usuario8 1462282796.25 1462282783.88 -12374.1998672 4636
10 usuario6 1462282796.73 1462282784.32 -12409.1000557 5490
10 usuario10 1462282795.87 1462282792.73 -3138.79990578 12950
10 usuario5 1462282795.88 1462282795.85 -32.7999591827 16321
10 usuario16 1462282796.02 1462282785.53 -10494.0998554 5722
10 usuario13 1462282796.61 1462282782.19 -14422.1000671 2830
10 usuario7 1462282795.95 1462282788.72 -7233.40010643 8935
10 usuario3 1462282796.48 1462282783.05 -13431.2000275 3314
10 usuario9 1462282796.37 1462282782.69 -13674.8001575 3920
10 usuario12 1462282796.24 1462282782.85 -13384.1998577 3762
11 usuario14 1462282812.61 1462282808.45 -4157.99999237 11381
11 usuario1 1462282812.72 1462282799.34 -13376.1000633 2270
11 usuario11 1462282811.97 1462282799.57 -12402.1000862 1880
11 usuario2 1462282811.92 1462282806.66 -5256.70003891 9289
11 usuario15 1462282812.35 1462282802.04 -10313.4999275 5012
11 usuario4 1462282812.64 1462282799.25 -13389.6000385 2293
11 usuario8 1462282812.81 1462282806.6 -6208.09984207 9299
11 usuario6 1462282812.54 1462282807.32 -5225.69990158 9527
11 usuario10 1462282811.92 1462282809.82 -2099.69997406 12893
11 usuario5 1462282812.68 1462282811.6 -1079.30016518 14625
11 usuario16 1462282812.56 1462282801.02 -11535.3000164 3919
11 usuario13 1462282812.72 1462282799.32 -13402.6999474 1653
11 usuario7 1462282811.81 1462282810.73 -1081.00008965 13720
11 usuario3 1462282812.14 1462282801.84 -10302.9999733 4317
11 usuario9 1462282812.17 1462282812.14 -35.0000858307 14701
11 usuario12 1462282812.39 1462282801.06 -11337.400198 3763
12 usuario14 1462282839.86 1462282839.83 -30.699968338 26163
12 usuario1 1462282839.55 1462282816.94 -22609.1001034 3171
12 usuario11 1462282839.6 1462282815.86 -23736.5000248 2844
12 usuario2 1462282839.81 1462282815.63 -24184.2000484 2615
12 usuario15 1462282839.46 1462282820.93 -18532.4001312 7520
12 usuario4 1462282839.0 1462282815.37 -23637.7999783 1676
12 usuario8 1462282839.49 1462282817.91 -21579.6999931 4052
12 usuario6 1462282838.89 1462282821.35 -17532.5000286 7752
12 usuario10 1462282839.33 1462282819.79 -19545.0999737 6810
12 usuario5 1462282839.14 1462282818.55 -20589.099884 4816
12 usuario16 1462282839.12 1462282819.12 -19999.3000031 5482
12 usuario13 1462282839.71 1462282815.01 -24695.6000328 1240
12 usuario7 1462282839.12 1462282824.7 -14422.1999645 11834
12 usuario3 1462282839.26 1462282815.53 -23724.1001129 2333
12 usuario9 1462282839.83 1462282820.16 -19674.7999191 6875
12 usuario12 1462282838.94 1462282815.29 -23648.2999325 1842
13 usuario14 1462282855.05 1462282847.8 -7245.00012398 6862
13 usuario1 1462282855.64 1462282843.28 -12366.699934 2679
13 usuario11 1462282855.54 1462282843.13 -12403.3000469 2480
13 usuario2 1462282855.62 1462282846.2 -9417.29998589 5241
13 usuario15 1462282855.79 1462282848.55 -7235.80002785 8036
13 usuario4 1462282855.73 1462282844.39 -11337.4998569 4343
13 usuario8 1462282855.83 1462282845.52 -10313.8000965 4979
13 usuario6 1462282855.73 1462282853.61 -2112.80012131 13634
13 usuario10 1462282855.74 1462282845.42 -10312.9999638 5035
13 usuario5 1462282855.75 1462282847.48 -8263.60011101 7294
13 usuario16 1462282855.67 1462282855.63 -43.9999103546 15454
13 usuario13 1462282855.84 1462282843.48 -12363.3000851 2711
13 usuario7 1462282855.29 1462282854.21 -1079.20002937 14031
13 usuario3 1462282854.97 1462282844.66 -10309.7999096 4353
13 usuario9 1462282855.29 1462282845.98 -9305.99999428 5094
13 usuario12 1462282855.51 1462282842.12 -13393.599987 2138
14 usuario14 1462282868.29 1462282865.15 -3138.29994202 9052
14 usuario1 1462282868.48 1462282859.18 -9293.50018501 2487
14 usuario11 1462282867.95 1462282858.64 -9307.79981613 2049
14 usuario2 1462282868.63 1462282859.19 -9431.29992485 2495
14 usuario15 1462282868.62 1462282860.36 -8262.19987869 3521
14 usuario4 1462282868.1 1462282863.95 -4149.3999958 7163
14 usuario8 1462282868.76 1462282863.58 -5179.00013924 6697
14 usuario6 1462282868.03 1462282861.78 -6243.90006065 4992
14 usuario10 1462282868.41 1462282862.19 -6218.60003471 5391
14 usuario5 1462282868.67 1462282859.31 -9357.10000992 2510
14 usuario16 1462282868.11 1462282858.67 -9437.5 1935
14 usuario13 1462282868.21 1462282859.94 -8271.19994164 3046
14 usuario7 1462282868.82 1462282868.79 -32.0000648499 12447
14 usuario3 1462282868.9 1462282859.48 -9415.60006142 3455
14 usuario9 1462282868.32 1462282862.1 -6222.20015526 5753
14 usuario12 1462282868.45 1462282858.13 -10318.0999756 1559
15 usuario14 1462282894.34 1462282880.94 -13393.6998844 11596
15 usuario1 1462282894.34 1462282877.79 -16548.9001274 8261
15 usuario11 1462282894.94 1462282871.28 -23661.2999439 1255
15 usuario2 1462282894.85 1462282873.94 -20911.1001492 4232
15 usuario15 1462282894.56 1462282877.08 -17484.5001698 7398
15 usuario4 1462282894.42 1462282871.81 -22604.7999859 2658
15 usuario8 1462282894.84 1462282875.3 -19538.8000011 5490
15 usuario6 1462282895.04 1462282872.27 -22764.7998333 3185
15 usuario10 1462282894.3 1462282878.86 -15448.3001232 9398
15 usuario5 1462282894.43 1462282894.4 -28.5999774933 24683
15 usuario16 1462282894.21 1462282875.39 -18822.1998215 6197
15 usuario13 1462282894.84 1462282874.22 -20617.5999641 4950
15 usuario7 1462282894.42 1462282874.84 -19573.5998154 4943
15 usuario3 1462282894.42 1462282872.66 -21758.3999634 2708
15 usuario9 1462282894.41 1462282876.62 -17786.4999771 7249
15 usuario12 1462282894.96 1462282872.34 -22613.5001183 2848
16 usuario14 1462282916.6 1462282909.36 -7239.50004578 13969
16 usuario1 1462282916.31 1462282899.84 -16469.8998928 4444
16 usuario11 1462282916.92 1462282897.37 -19547.1999645 1383
16 usuario2 1462282916.3 1462282898.45 -17848.3998775 2526
16 usuario15 1462282916.41 1462282900.95 -15456.7000866 5337
16 usuario4 1462282916.8 1462282902.39 -14410.8998775 6919
16 usuario8 1462282916.11 1462282898.58 -17524.600029 2688
16 usuario6 1462282917.03 1462282901.55 -15478.399992 5459
16 usuario10 1462282916.95 1462282902.52 -14429.6000004 7161
16 usuario5 1462282916.13 1462282900.69 -15440.500021 5176
16 usuario16 1462282916.12 1462282907.75 -8378.60012054 12454
16 usuario13 1462282916.41 1462282904.05 -12367.8998947 8149
16 usuario7 1462282916.25 1462282916.22 -31.8999290466 20750
16 usuario3 1462282916.7 1462282897.12 -19584.6998692 1646
16 usuario9 1462282916.33 1462282898.68 -17651.2999535 3222
16 usuario12 1462282916.48 1462282897.93 -18548.0999947 1917
17 usuario14 1462282933.03 1462282932.99 -36.2000465393 15336
17 usuario1 1462282932.26 1462282921.94 -10322.799921 4583
17 usuario11 1462282933.02 1462282920.64 -12375.4000664 2663
17 usuario2 1462282932.43 1462282919.86 -12573.8999844 2432
17 usuario15 1462282932.55 1462282923.13 -9421.90003395 5664
17 usuario4 1462282932.38 1462282924.13 -8258.20016861 6269
17 usuario8 1462282932.55 1462282920.99 -11566.2000179 3832
17 usuario6 1462282932.33 1462282928.17 -4161.5998745 10080
17 usuario10 1462282932.33 1462282930.21 -2123.6000061 12204
17 usuario5 1462282932.32 1462282920.98 -11338.7000561 3792
17 usuario16 1462282932.24 1462282920.73 -11507.5001717 3519
17 usuario13 1462282932.48 1462282921.01 -11469.3000317 3545
17 usuario7 1462282933.01 1462282930.89 -2122.30014801 13548
17 usuario3 1462282932.24 1462282919.87 -12367.7000999 2123
17 usuario9 1462282932.75 1462282922.38 -10368.2999611 4994
17 usuario12 1462282932.52 1462282919.13 -13391.4999962 1599
18 usuario14 1462282948.3 1462282943.12 -5178.40003967 9000
18 usuario1 1462282949.13 1462282936.77 -12360.5000973 3456
18 usuario11 1462282948.9 1462282939.62 -9284.79981422 5549
18 usuario2 1462282948.17 1462282942.93 -5242.89989471 9416
18 usuario15 1462282948.84 1462282939.5 -9330.80005646 5880
18 usuario4 1462282948.83 1462282939.54 -9286.20004654 6105
18 usuario8 1462282948.87 1462282936.5 -12363.5001183 2899
18 usuario6 1462282949.18 1462282942.94 -6233.19983482 9558
18 usuario10 1462282948.64 1462282948.61 -33.9000225067 15222
18 usuario5 1462282948.9 1462282940.64 -8258.69989395 7265
18 usuario16 1462282949.15 1462282935.53 -13618.7999249 2209
18 usuario13 1462282948.6 1462282937.22 -11372.699976 3625
18 usuario7 1462282949.13 1462282942.93 -6207.7999115 8862
18 usuario3 1462282948.56 1462282935.16 -13398.8001347 1862
18 usuario9 1462282948.87 1462282941.61 -7259.79995728 7717
18 usuario12 1462282948.31 1462282935.94 -12369.1000938 2372
19 usuario14 1462282963.52 1462282963.49 -29.1001796722 14118
19 usuario1 1462282963.66 1462282952.32 -11337.5999928 2141
19 usuario11 1462282964.1 1462282952.74 -11353.700161 2766
19 usuario2 1462282963.9 1462282951.31 -12584.5999718 2038
19 usuario15 1462282963.89 1462282957.63 -6254.79984283 7744
19 usuario4 1462282963.41 1462282953.11 -10302.1998405 3222
19 usuario8 1462282963.38 1462282952.04 -11339.400053 2122
19 usuario6 1462282963.89 1462282953.54 -10350.399971 3307
19 usuario10 1462282963.46 1462282959.29 -4170.19987106 9557
19 usuario5 1462282964.09 1462282954.8 -9288.69986534 4853
19 usuario16 1462282963.97 1462282953.48 -10494.8000908 3238
19 usuario13 1462282963.86 1462282951.48 -12376.4998913 1833
19 usuario7 1462282963.62 1462282953.31 -10318.800211 3127
19 usuario3 1462282963.72 1462282951.32 -12402.6999474 1709
19 usuario9 1462282963.79 1462282954.24 -9550.80008507 4310
19 usuario12 1462282963.6 1462282951.23 -12366.8000698 1864
20 usuario14 1462282979.15 1462282974.99 -4161.99994087 10392
20 usuario1 1462282978.71 1462282967.35 -11365.6001091 2637
20 usuario11 1462282979.14 1462282967.8 -11332.5998783 2659
20 usuario2 1462282979.13 1462282968.7 -10430.4001331 3720
20 usuario15 1462282979.02 1462282971.79 -7230.59988022 6818
20 usuario4 1462282979.25 1462282967.81 -11432.5997829 3350
20 usuario8 1462282979.0 1462282968.69 -10302.5000095 4265
20 usuario6 1462282978.99 1462282971.74 -7241.69993401 6790
20 usuario10 1462282978.38 1462282974.22 -4161.60011292 9715
20 usuario5 1462282979.21 1462282970.97 -8240.6001091 5800
20 usuario16 1462282978.64 1462282968.16 -10477.2000313 3109
20 usuario13 1462282978.5 1462282974.35 -4142.50016212 9409
20 usuario7 1462282978.42 1462282978.4 -21.4002132416 13691
20 usuario3 1462282978.65 1462282972.43 -6216.00008011 7653
20 usuario9 1462282979.23 1462282967.86 -11365.0000095 3014
20 usuario12 1462282978.29 1462282966.94 -11349.6999741 2295
21 usuario14 1462282995.35 1462282995.31 -35.8998775482 15102
21 usuario1 1462282995.79 1462282982.42 -13377.3999214 2645
21 usuario11 1462282995.84 1462282984.51 -11332.9999447 4318
21 usuario2 1462282995.3 1462282982.74 -12561.7001057 2490
21 usuario15 1462282995.77 1462282984.44 -11336.9998932 4369
21 usuario4 1462282996.05 1462282988.82 -7226.30000114 8419
21 usuario8 1462282995.43 1462282983.07 -12359.1001034 3023
21 usuario6 1462282995.42 1462282991.26 -4168.80011559 11211
21 usuario10 1462282995.75 1462282987.49 -8263.79990578 8049
21 usuario5 1462282995.8 1462282987.53 -8262.19987869 7262
21 usuario16 1462282995.47 1462282984.97 -10500.0 5247
21 usuario13 1462282996.01 1462282983.63 -12378.7000179 4084
21 usuario7 1462282995.58 1462282986.28 -9301.50008202 6779
21 usuario3 1462282995.69 1462282983.32 -12371.0000515 3618
21 usuario9 1462282995.76 1462282983.37 -12390.3000355 3093
21 usuario12 1462282996.1 1462282984.76 -11330.1999569 5400
22 usuario14 1462283022.68 1462283008.21 -14468.8000679 11784
22 usuario1 1462283023.11 1462283001.53 -21585.2999687 4675
22 usuario11 1462283022.83 1462283000.21 -22618.7000275 3326
22 usuario2 1462283022.79 1462283006.04 -16743.8001633 9626
22 usuario15 1462283022.47 1462283000.82 -21647.300005 3995
22 usuario4 1462283022.69 1462283003.14 -19547.0001698 6034
22 usuario8 1462283023.11 1462283002.55 -20553.9999008 6067
22 usuario6 1462283022.64 1462283022.61 -30.9000015259 26126
22 usuario10 1462283022.74 1462283011.4 -11340.8999443 14568
22 usuario5 1462283022.43 1462283007.0 -15431.7998886 10140
22 usuario16 1462283022.64 1462283000.77 -21875.5002022 4217
22 usuario13 1462283023.28 1462283003.73 -19549.4000912 6657
22 usuario7 1462283022.96 1462283004.38 -18580.3000927 7739
22 usuario3 1462283023.13 1462282999.47 -23663.4001732 2728
22 usuario9 1462283022.95 1462283003.11 -19845.6001282 6250
22 usuario12 1462283023.09 1462283001.48 -21603.9001942 4336
23 usuario14 1462283047.4 1462283047.36 -36.1998081207 23625
23 usuario1 1462283046.79 1462283027.25 -19535.0999832 3090
23 usuario11 1462283047.03 1462283027.49 -19538.5000706 3607
23 usuario2 1462283046.7 1462283032.04 -14656.3999653 8173
23 usuario15 1462283046.86 1462283026.28 -20577.1999359 2762
23 usuario4 1462283047.31 1462283029.85 -17467.1998024 6108
23 usuario8 1462283047.02 1462283026.39 -20635.2000237 2228
23 usuario6 1462283046.53 1462283044.43 -2103.99985313 20696
23 usuario10 1462283047.11 1462283031.66 -15444.2999363 7868
23 usuario5 1462283046.42 1462283028.84 -17583.6000443 5349
23 usuario16 1462283046.51 1462283027.68 -18834.5000744 3954
23 usuario13 1462283046.56 1462283033.12 -13443.2001114 8784
23 usuario7 1462283046.83 1462283031.4 -15432.6000214 7381
23 usuario3 1462283046.6 1462283029.1 -17503.2999516 4919
23 usuario9 1462283046.86 1462283031.37 -15494.2998886 7360
23 usuario12 1462283046.83 1462283027.22 -19607.5999737 3066
24 usuario14 1462283063.25 1462283063.22 -28.4998416901 14737
24 usuario1 1462283062.95 1462283054.69 -8253.90005112 6822
24 usuario11 1462283063.19 1462283050.83 -12357.8999043 2744
24 usuario2 1462283063.34 1462283055.99 -7348.59991074 8195
24 usuario15 1462283063.24 1462283053.96 -9283.20002556 6048
24 usuario4 1462283063.26 1462283053.98 -9280.99989891 5616
24 usuario8 1462283063.03 1462283054.78 -8249.40013885 6699
24 usuario6 1462283062.84 1462283059.7 -3131.59990311 12113
24 usuario10 1462283063.14 1462283061.02 -2115.20004272 12860
24 usuario5 1462283062.72 1462283050.37 -12357.7001095 2893
24 usuario16 1462283062.6 1462283057.34 -5255.30004501 9713
24 usuario13 1462283063.45 1462283052.09 -11357.2001457 4475
24 usuario7 1462283063.17 1462283050.79 -12386.8000507 2907
24 usuario3 1462283062.53 1462283050.17 -12358.5000038 2518
24 usuario9 1462283062.66 1462283050.25 -12408.2000256 2334
24 usuario12 1462283062.61 1462283050.25 -12363.699913 2366
25 usuario14 1462283077.5 1462283077.47 -26.200056076 13144
25 usuario1 1462283077.29 1462283066.89 -10391.9000626 2894
25 usuario11 1462283077.11 1462283065.71 -11396.0001469 1473
25 usuario2 1462283077.25 1462283069.9 -7346.30012512 5482
25 usuario15 1462283076.99 1462283068.72 -8274.60002899 4422
25 usuario4 1462283076.85 1462283068.59 -8257.999897 4271
25 usuario8 1462283076.79 1462283067.5 -9284.69991684 3420
25 usuario6 1462283077.34 1462283072.14 -5193.89986992 8251
25 usuario10 1462283077.2 1462283070.97 -6220.70002556 6780
25 usuario5 1462283076.69 1462283066.37 -10325.8001804 2591
25 usuario16 1462283077.27 1462283065.76 -11509.9999905 2084
25 usuario13 1462283076.75 1462283067.48 -9267.60005951 2982
25 usuario7 1462283076.91 1462283070.69 -6219.09999847 6462
25 usuario3 1462283077.44 1462283066.1 -11344.399929 2512
25 usuario9 1462283077.31 1462283065.85 -11453.1998634 2051
25 usuario12 1462283077.26 1462283065.85 -11409.7998142 2185
26 usuario14 1462283088.26 1462283086.16 -2103.89995575 7577
26 usuario1 1462283087.61 1462283080.39 -7222.8000164 1994
26 usuario11 1462283087.73 1462283079.47 -8264.00017738 1307
26 usuario2 1462283087.81 1462283081.48 -6327.19993591 3151
26 usuario15 1462283088.46 1462283082.25 -6207.9000473 4214
26 usuario4 1462283088.27 1462283081.04 -7223.59991074 3144
26 usuario8 1462283087.64 1462283080.33 -7305.00006676 2492
26 usuario6 1462283087.98 1462283085.87 -2107.89990425 7467
26 usuario10 1462283088.09 1462283085.98 -2115.00000954 7721
26 usuario5 1462283088.18 1462283088.15 -26.7000198364 10402
26 usuario16 1462283088.04 1462283080.69 -7345.49999237 2343
26 usuario13 1462283088.41 1462283080.11 -8300.60005188 2301
26 usuario7 1462283088.49 1462283081.25 -7238.59977722 3288
26 usuario3 1462283088.52 1462283080.2 -8321.69985771 1704
26 usuario9 1462283087.89 1462283080.64 -7248.80003929 2281
26 usuario12 1462283088.07 1462283080.82 -7254.69994545 2503
27 usuario14 1462283117.54 1462283117.52 -26.0000228882 28194
27 usuario1 1462283117.59 1462283090.89 -26708.8999748 2223
27 usuario11 1462283116.85 1462283090.13 -26713.9999866 1353
27 usuario2 1462283116.77 1462283094.86 -21916.1999226 5954
27 usuario15 1462283117.16 1462283095.4 -21756.9000721 5895
27 usuario4 1462283116.7 1462283093.07 -23626.8000603 3747
27 usuario8 1462283117.45 1462283090.72 -26735.4998589 2030
27 usuario6 1462283117.17 1462283093.35 -23820.1999664 4302
27 usuario10 1462283117.56 1462283093.85 -23704.4999599 4709
27 usuario5 1462283116.77 1462283094.14 -22626.3000965 4859
27 usuario16 1462283117.37 1462283092.26 -25105.4999828 3149
27 usuario13 1462283116.83 1462283092.02 -24808.0000877 2551
27 usuario7 1462283116.61 1462283099.11 -17501.8999577 9568
27 usuario3 1462283117.06 1462283091.36 -25695.499897 1791
27 usuario9 1462283117.62 1462283090.84 -26783.9000225 1883
27 usuario12 1462283117.52 1462283090.78 -26743.999958 1656
28 usuario14 1462283133.86 1462283124.52 -9335.09993553 5898
28 usuario1 1462283133.96 1462283121.61 -12348.1998444 2970
28 usuario11 1462283134.22 1462283119.8 -14420.2001095 1902
28 usuario2 1462283134.32 1462283122.84 -11488.6000156 4986
28 usuario15 1462283134.62 1462283125.34 -9282.99999237 7116
28 usuario4 1462283134.43 1462283121.06 -13377.5000572 3317
28 usuario8 1462283134.04 1462283122.7 -11340.1999474 4200
28 usuario6 1462283133.9 1462283133.87 -26.7000198364 15645
28 usuario10 1462283134.46 1462283124.14 -10318.6001778 5531
28 usuario5 1462283133.66 1462283122.33 -11335.9999657 4510
28 usuario16 1462283133.78 1462283123.26 -10517.1999931 4815
28 usuario13 1462283134.15 1462283120.7 -13456.099987 2817
28 usuario7 1462283134.38 1462283122.02 -12365.4000759 4352
28 usuario3 1462283133.86 1462283125.59 -8262.3000145 7451
28 usuario9 1462283134.2 1462283120.77 -13425.4999161 2097
28 usuario12 1462283134.44 1462283122.06 -12381.5000057 3492
29 usuario14 1462283164.58 1462283138.78 -25808.1998825 3865
29 usuario1 1462283164.42 1462283137.6 -26826.9999027 2584
29 usuario11 1462283164.52 1462283138.81 -25701.499939 3548
29 usuario2 1462283164.68 1462283137.26 -27423.199892 1855
29 usuario15 1462283163.87 1462283163.83 -34.4002246857 28155
29 usuario4 1462283164.15 1462283137.42 -26720.7999229 1937
29 usuario8 1462283164.28 1462283138.55 -25735.5000973 3453
29 usuario6 1462283164.72 1462283137.95 -26774.8000622 2967
29 usuario10 1462283164.63 1462283148.16 -16474.6000767 12639
29 usuario5 1462283164.34 1462283138.63 -25703.5999298 3914
29 usuario16 1462283164.46 1462283137.2 -27262.5000477 2332
29 usuario13 1462283164.06 1462283138.31 -25741.7001724 3099
29 usuario7 1462283164.58 1462283140.87 -23716.7999744 5430
29 usuario3 1462283164.22 1462283141.6 -22619.7998524 6687
29 usuario9 1462283164.37 1462283138.4 -25977.5998592 3141
29 usuario12 1462283164.57 1462283138.78 -25796.4000702 3281
30 usuario14 1462283182.4 1462283180.3 -2105.20005226 14658
30 usuario1 1462283182.27 1462283168.89 -13372.1001148 3418
30 usuario11 1462283181.77 1462283169.4 -12370.8999157 3825
30 usuario2 1462283182.31 1462283169.75 -12558.4001541 3975
30 usuario15 1462283182.58 1462283182.55 -34.8999500275 17617
30 usuario4 1462283182.31 1462283166.72 -15585.4001045 1523
30 usuario8 1462283182.32 1462283168.95 -13373.6000061 3610
30 usuario6 1462283182.58 1462283180.48 -2101.40013695 14666
30 usuario10 1462283181.91 1462283170.47 -11435.4999065 4788
30 usuario5 1462283182.76 1462283171.42 -11336.3001347 6026
30 usuario16 1462283181.95 1462283167.29 -14664.9000645 1713
30 usuario13 1462283182.29 1462283166.73 -15562.2999668 1620
30 usuario7 1462283182.57 1462283172.26 -10311.3999367 6620
30 usuario3 1462283182.3 1462283173.02 -9286.99994087 7668
30 usuario9 1462283182.0 1462283168.57 -13427.200079 3142
30 usuario12 1462283182.26 1462283174.01 -8254.59980965 8378
31 usuario14 1462283204.24 1462283196.99 -7246.50001526 13532
31 usuario1 1462283203.85 1462283187.39 -16459.5999718 4064
31 usuario11 1462283203.87 1462283184.33 -19535.3999138 1511
31 usuario2 1462283204.53 1462283187.83 -16694.4999695 4443
31 usuario15 1462283204.05 1462283188.6 -15455.1000595 4910
31 usuario4 1462283203.89 1462283184.3 -19588.9999866 938
31 usuario8 1462283204.25 1462283185.66 -18585.0999355 2282
31 usuario6 1462283204.41 1462283191.98 -12430.6998253 8337
31 usuario10 1462283203.86 1462283191.49 -12368.9000607 8511
31 usuario5 1462283204.64 1462283188.17 -16468.8999653 4367
31 usuario16 1462283204.56 1462283185.73 -18821.199894 2691
31 usuario13 1462283204.3 1462283185.75 -18552.9999733 2336
31 usuario7 1462283204.28 1462283204.25 -24.8999595642 20622
31 usuario3 1462283204.38 1462283193.04 -11340.0001526 9679
31 usuario9 1462283203.94 1462283187.13 -16804.500103 4078
31 usuario12 1462283204.47 1462283186.97 -17497.5998402 3656
32 usuario14 1462283222.98 1462283215.71 -7264.29986954 10418
32 usuario1 1462283223.74 1462283216.51 -7229.7000885 11610
32 usuario11 1462283223.12 1462283206.66 -16460.0000381 1743
32 usuario2 1462283223.63 1462283210.05 -13588.0999565 4451
32 usuario15 1462283223.25 1462283212.94 -10315.7000542 7830
32 usuario4 1462283223.42 1462283205.94 -17479.9001217 1000
32 usuario8 1462283223.86 1462283213.58 -10287.4000072 8246
32 usuario6 1462283223.04 1462283219.9 -3134.3998909 14437
32 usuario10 1462283223.78 1462283221.66 -2121.50001526 16744
32 usuario5 1462283223.52 1462283223.47 -42.799949646 17772
32 usuario16 1462283223.2 1462283208.56 -14638.4999752 2926
32 usuario13 1462283223.83 1462283209.38 -14443.9001083 4031
32 usuario7 1462283223.09 1462283209.71 -13381.5999031 4367
32 usuario3 1462283223.65 1462283219.5 -4154.39987183 14063
32 usuario9 1462283223.73 1462283213.36 -10373.1000423 8367
32 usuario12 1462283223.19 1462283206.66 -16529.2000771 1147
33 usuario14 1462283243.88 1462283238.69 -5184.00001526 14655
33 usuario1 1462283243.7 1462283228.25 -15452.4002075 3460
33 usuario11 1462283243.8 1462283228.34 -15458.7001801 4165
33 usuario2 1462283243.04 1462283226.32 -16721.8000889 1609
33 usuario15 1462283243.75 1462283243.71 -39.8998260498 19407
33 usuario4 1462283243.47 1462283227.02 -16450.9000778 2545
33 usuario8 1462283243.13 1462283228.74 -14390.7999992 3823
33 usuario6 1462283243.66 1462283231.26 -12398.9999294 7164
33 usuario10 1462283243.81 1462283228.35 -15460.5000019 3511
33 usuario5 1462283243.58 1462283237.37 -6213.50002289 12774
33 usuario16 1462283243.4 1462283226.7 -16700.2999783 2419
33 usuario13 1462283243.19 1462283226.71 -16484.2998981 1827
33 usuario7 1462283243.7 1462283228.26 -15440.7999516 4114
33 usuario3 1462283243.09 1462283232.7 -10387.0000839 8000
33 usuario9 1462283243.71 1462283230.29 -13415.8000946 5484
33 usuario12 1462283243.81 1462283228.37 -15435.3001118 4130
34 usuario14 1462283267.44 1462283256.09 -11347.0001221 11162
34 usuario1 1462283267.05 1462283248.42 -18632.5998306 3664
34 usuario11 1462283267.05 1462283250.59 -16461.0002041 5704
34 usuario2 1462283267.81 1462283246.88 -20935.8999729 2761
34 usuario15 1462283267.29 1462283253.87 -13421.4999676 9036
34 usuario4 1462283267.2 1462283246.56 -20638.9000416 2041
34 usuario8 1462283267.15 1462283248.65 -18501.1000633 4462
34 usuario6 1462283267.96 1462283247.34 -20620.2998161 2618
34 usuario10 1462283267.61 1462283267.58 -28.5999774933 22711
34 usuario5 1462283267.68 1462283247.09 -20591.5000439 2455
34 usuario16 1462283267.64 1462283246.73 -20917.9000854 2246
34 usuario13 1462283267.4 1462283248.74 -18667.2000885 4486
34 usuario7 1462283267.1 1462283253.71 -13398.2000351 8953
34 usuario3 1462283267.84 1462283255.47 -12366.4000034 11324
34 usuario9 1462283267.26 1462283249.72 -17538.299799 4945
34 usuario12 1462283267.8 1462283247.21 -20593.4000015 2348
35 usuario14 1462283292.16 1462283275.69 -16474.0998745 7165
35 usuario1 1462283292.37 1462283274.89 -17481.8000793 6787
35 usuario11 1462283292.93 1462283272.25 -20674.2999554 4148
35 usuario2 1462283292.59 1462283271.68 -20908.9999199 2787
35 usuario15 1462283292.71 1462283292.68 -23.0000019073 24309
35 usuario4 1462283293.0 1462283269.28 -23718.100071 937
35 usuario8 1462283292.04 1462283270.42 -21621.1998463 2221
35 usuario6 1462283292.69 1462283278.25 -14448.10009 9228
35 usuario10 1462283292.15 1462283291.08 -1075.20008087 22392
35 usuario5 1462283292.16 1462283282.88 -9275.30002594 14121
35 usuario16 1462283292.71 1462283269.72 -22989.5999432 1011
35 usuario13 1462283292.88 1462283278.47 -14409.2998505 9927
35 usuario7 1462283292.52 1462283281.15 -11367.7999973 12967
35 usuario3 1462283293.04 1462283275.55 -17495.1999187 6650
35 usuario9 1462283292.42 1462283271.81 -20608.5000038 3494
35 usuario12 1462283292.25 1462283275.8 -16449.5999813 6940
36 usuario14 1462283309.79 1462283304.61 -5185.89997292 11386
36 usuario1 1462283309.17 1462283295.79 -13384.5000267 2376
36 usuario11 1462283309.55 1462283295.12 -14430.5999279 1138
36 usuario2 1462283309.47 1462283309.43 -43.300151825 15727
36 usuario15 1462283309.52 1462283303.31 -6207.00001717 9529
36 usuario4 1462283309.38 1462283294.98 -14398.3001709 928
36 usuario8 1462283309.88 1462283296.49 -13383.1999302 3401
36 usuario6 1462283309.59 1462283298.18 -11412.4000072 4429
36 usuario10 1462283309.18 1462283303.99 -5185.0001812 10772
36 usuario5 1462283309.74 1462283296.35 -13389.1999722 3134
36 usuario16 1462283309.67 1462283301.22 -8454.49995995 7415
36 usuario13 1462283309.75 1462283297.38 -12370.5999851 3446
36 usuario7 1462283309.19 1462283301.97 -7225.80003738 8389
36 usuario3 1462283309.3 1462283302.07 -7236.79995537 7968
36 usuario9 1462283309.31 1462283296.78 -12524.7998238 3284
36 usuario12 1462283309.42 1462283296.02 -13392.8999901 2727
37 usuario14 1462283336.56 1462283323.15 -13412.7001762 12299
37 usuario1 1462283336.89 1462283312.25 -24642.3997879 2029
37 usuario11 1462283336.28 1462283311.58 -24693.3000088 985
37 usuario2 1462283336.98 1462283317.05 -19932.7001572 6492
37 usuario15 1462283336.25 1462283336.22 -32.1998596191 25603
37 usuario4 1462283336.88 1462283312.08 -24794.2998409 1651
37 usuario8 1462283336.82 1462283315.24 -21578.9999962 4316
37 usuario6 1462283336.86 1462283328.56 -8294.60000992 17916
37 usuario10 1462283336.5 1462283324.15 -12350.5001068 13893
37 usuario5 1462283336.83 1462283335.75 -1081.30002022 24950
37 usuario16 1462283336.85 1462283318.9 -17948.6999512 8147
37 usuario13 1462283336.57 1462283314.95 -21614.39991 4149
37 usuario7 1462283336.49 1462283326.2 -10297.1999645 15949
37 usuario3 1462283336.83 1462283317.28 -19546.900034 6919
37 usuario9 1462283337.06 1462283314.34 -22720.2000618 3980
37 usuario12 1462283336.79 1462283312.12 -24668.3001518 1648
38 usuario14 1462283359.81 1462283359.77 -33.6999893188 22152
38 usuario1 1462283359.59 1462283341.05 -18539.4999981 3106
38 usuario11 1462283359.59 1462283340.03 -19559.2999458 2700
38 usuario2 1462283359.35 1462283342.64 -16717.4999714 4582
38 usuario15 1462283359.87 1462283351.6 -8273.90003204 14264
38 usuario4 1462283359.6 1462283338.87 -20738.1999493 937
38 usuario8 1462283360.03 1462283340.48 -19547.6000309 2611
38 usuario6 1462283360.04 1462283340.44 -19599.7002125 2524
38 usuario10 1462283359.8 1462283348.4 -11399.3999958 10837
38 usuario5 1462283359.23 1462283345.82 -13413.5000706 7931
38 usuario16 1462283359.78 1462283349.33 -10443.4001446 11410
38 usuario13 1462283359.26 1462283340.53 -18734.1001034 2889
38 usuario7 1462283359.28 1462283342.81 -16476.5999317 5254
38 usuario3 1462283359.62 1462283345.22 -14397.6998329 7343
38 usuario9 1462283359.78 1462283341.15 -18620.9001541 3039
38 usuario12 1462283359.64 1462283346.24 -13398.4999657 8370
39 usuario14 1462283378.03 1462283368.71 -9311.49983406 7826
39 usuario1 1462283377.31 1462283361.87 -15436.6998672 1227
39 usuario11 1462283377.54 1462283362.09 -15446.3999271 1449
39 usuario2 1462283377.53 1462283363.92 -13614.3000126 3475
39 usuario15 1462283377.42 1462283371.2 -6218.09983253 10276
39 usuario4 1462283377.24 1462283364.88 -12354.3000221 4225
39 usuario8 1462283377.3 1462283363.92 -13373.2998371 2839
39 usuario6 1462283377.48 1462283372.29 -5190.79995155 11189
39 usuario10 1462283377.39 1462283377.36 -29.8998355865 16502
39 usuario5 1462283377.89 1462283365.53 -12361.5999222 5245
39 usuario16 1462283377.47 1462283377.44 -35.3000164032 16541
39 usuario13 1462283378.21 1462283367.89 -10315.2999878 7574
39 usuario7 1462283377.63 1462283368.32 -9303.09987068 7989
39 usuario3 1462283377.7 1462283363.27 -14431.4000607 2594
39 usuario9 1462283377.91 1462283365.33 -12585.2999687 4495
39 usuario12 1462283377.68 1462283365.3 -12375.1001358 4609
40 usuario14 1462283399.21 1462283381.71 -17504.2998791 2634
40 usuario1 1462283398.98 1462283379.45 -19532.0999622 1096
40 usuario11 1462283398.65 1462283380.12 -18531.8000317 1531
40 usuario2 1462283398.91 1462283383.26 -15652.8999805 4665
40 usuario15 1462283398.81 1462283398.78 -31.3999652863 20295
40 usuario4 1462283398.54 1462283383.11 -15430.0999641 3800
40 usuario8 1462283398.81 1462283380.29 -18519.0999508 1944
40 usuario6 1462283398.86 1462283385.44 -13428.5998344 6893
40 usuario10 1462283398.32 1462283389.03 -9291.90015793 10562
40 usuario5 1462283398.77 1462283387.43 -11340.10005 8492
40 usuario16 1462283398.62 1462283383.91 -14711.400032 5358
40 usuario13 1462283399.26 1462283381.75 -17518.3000565 2485
40 usuario7 1462283398.35 1462283383.92 -14422.1000671 5239
40 usuario3 1462283398.98 1462283381.47 -17512.7999783 2715
40 usuario9 1462283399.07 1462283383.38 -15690.3998852 4411
40 usuario12 1462283399.06 1462283381.55 -17508.1000328 2816
41 usuario14 1462283421.39 1462283406.97 -14421.8001366 6703
41 usuario1 1462283422.2 1462283406.77 -15431.6999912 6704
41 usuario11 1462283422.3 1462283407.89 -14413.5000706 8180
41 usuario2 1462283421.41 1462283406.7 -14708.0998421 6706
41 usuario15 1462283422.19 1462283404.61 -17580.799818 4728
41 usuario4 1462283422.12 1462283400.55 -21572.2999573 949
41 usuario8 1462283421.36 1462283403.88 -17478.1999588 4013
41 usuario6 1462283422.21 1462283403.55 -18666.5999889 3625
41 usuario10 1462283421.85 1462283421.82 -32.399892807 22441
41 usuario5 1462283421.79 1462283410.44 -11349.9999046 10611
41 usuario16 1462283422.09 1462283406.38 -15709.100008 6666
41 usuario13 1462283422.13 1462283404.63 -17500.6999969 4306
41 usuario7 1462283421.59 1462283408.19 -13396.1999416 8794
41 usuario3 1462283421.73 1462283410.4 -11329.9999237 10363
41 usuario9 1462283421.86 1462283405.37 -16494.6000576 5211
41 usuario12 1462283421.56 1462283402.02 -19540.899992 1901
42 usuario14 1462283443.1 1462283428.68 -14424.8998165 6227
42 usuario1 1462283442.44 1462283428.04 -14402.3001194 4787
42 usuario11 1462283443.1 1462283428.69 -14416.7997837 5326
42 usuario2 1462283443.3 1462283428.65 -14650.1998901 6154
42 usuario15 1462283442.46 1462283431.11 -11349.3001461 7857
42 usuario4 1462283442.52 1462283427.09 -15429.1000366 3916
42 usuario8 1462283442.84 1462283425.36 -17478.6999226 2956
42 usuario6 1462283442.49 1462283428.99 -13495.1000214 5722
42 usuario10 1462283443.26 1462283443.23 -28.3000469208 20302
42 usuario5 1462283442.44 1462283438.28 -4157.99999237 15409
42 usuario16 1462283443.39 1462283429.83 -13559.3998432 6681
42 usuario13 1462283443.37 1462283425.86 -17507.4000359 2680
42 usuario7 1462283442.72 1462283435.48 -7240.40007591 12835
42 usuario3 1462283442.46 1462283428.06 -14400.7000923 5250
42 usuario9 1462283442.76 1462283425.8 -16968.8000679 2871
42 usuario12 1462283443.32 1462283427.89 -15426.4998436 5273
43 usuario14 1462283462.03 1462283454.79 -7237.19978333 10619
43 usuario1 1462283461.71 1462283447.22 -14489.9001122 3725
43 usuario11 1462283462.17 1462283447.76 -14404.9999714 3607
43 usuario2 1462283462.07 1462283448.43 -13639.6999359 4040
43 usuario15 1462283461.83 1462283449.38 -12449.1000175 5863
43 usuario4 1462283461.9 1462283448.51 -13385.1001263 4948
43 usuario8 1462283462.16 1462283446.68 -15478.1000614 2794
43 usuario6 1462283462.22 1462283447.78 -14443.0000782 4230
43 usuario10 1462283461.61 1462283461.58 -31.1999320984 17244
43 usuario5 1462283461.56 1462283449.19 -12369.2998886 5700
43 usuario16 1462283461.83 1462283452.41 -9424.70002174 7922
43 usuario13 1462283461.5 1462283448.08 -13418.4000492 3658
43 usuario7 1462283462.33 1462283456.13 -6198.49991798 12355
43 usuario3 1462283461.59 1462283450.26 -11333.4000111 6738
43 usuario9 1462283461.93 1462283446.4 -15523.9999294 2511
43 usuario12 1462283462.36 1462283451.0 -11363.5997772 6621
44 usuario14 1462283480.55 1462283480.52 -31.3999652863 17431
44 usuario1 1462283481.28 1462283466.87 -14407.7999592 4117
44 usuario11 1462283480.52 1462283465.05 -15468.4998989 1831
44 usuario2 1462283480.74 1462283470.25 -10482.3999405 7103
44 usuario15 1462283481.44 1462283472.16 -9281.50010109 9278
44 usuario4 1462283480.63 1462283466.21 -14418.6999798 3260
44 usuario8 1462283480.83 1462283465.73 -15101.099968 2524
44 usuario6 1462283480.9 1462283466.43 -14466.0000801 3160
44 usuario10 1462283480.6 1462283479.52 -1077.90017128 16838
44 usuario5 1462283481.29 1462283469.96 -11326.800108 7341
44 usuario16 1462283480.51 1462283474.21 -6298.20013046 11285
44 usuario13 1462283480.88 1462283474.68 -6205.39999008 12121
44 usuario7 1462283481.04 1462283474.83 -6210.90006828 11442
44 usuario3 1462283480.56 1462283468.2 -12354.0000916 5543
44 usuario9 1462283480.84 1462283465.16 -15683.7999821 2144
44 usuario12 1462283481.23 1462283465.79 -15439.5000935 2380
45 usuario14 1462283504.13 1462283485.6 -18532.7999592 3978
45 usuario1 1462283504.16 1462283484.62 -19542.5999165 2285
45 usuario11 1462283504.53 1462283482.83 -21697.799921 1260
45 usuario2 1462283504.0 1462283492.46 -11534.6999168 10596
45 usuario15 1462283503.86 1462283486.37 -17495.1999187 3873
45 usuario4 1462283504.28 1462283485.78 -18496.9000816 4104
45 usuario8 1462283504.34 1462283485.84 -18500.6999969 3953
45 usuario6 1462283504.17 1462283504.15 -27.899980545 22163
45 usuario10 1462283504.27 1462283497.03 -7242.29979515 15369
45 usuario5 1462283504.27 1462283486.77 -17499.4001389 4425
45 usuario16 1462283503.77 1462283498.51 -5254.99987602 16917
45 usuario13 1462283503.88 1462283485.35 -18534.9001884 3415
45 usuario7 1462283504.14 1462283487.61 -16526.0999203 5521
45 usuario3 1462283504.09 1462283487.61 -16483.0000401 5998
45 usuario9 1462283504.37 1462283486.62 -17746.5000153 4668
45 usuario12 1462283504.16 1462283485.65 -18511.2998486 3365
46 usuario14 1462283524.11 1462283524.08 -31.8999290466 18885
46 usuario1 1462283524.36 1462283509.96 -14398.0000019 4749
46 usuario11 1462283523.9 1462283507.44 -16460.3998661 1855
46 usuario2 1462283523.81 1462283512.26 -11549.0000248 7176
46 usuario15 1462283523.83 1462283509.41 -14427.0000458 4490
46 usuario4 1462283524.09 1462283508.65 -15435.1000786 3322
46 usuario8 1462283524.48 1462283510.06 -14418.3001518 4677
46 usuario6 1462283523.77 1462283507.26 -16513.7999058 1999
46 usuario10 1462283523.68 1462283520.55 -3138.09990883 15221
46 usuario5 1462283524.22 1462283514.94 -9282.99999237 9610
46 usuario16 1462283524.55 1462283509.92 -14631.2999725 5067
46 usuario13 1462283524.05 1462283506.54 -17509.9000931 1592
46 usuario7 1462283524.35 1462283516.08 -8265.10000229 10876
46 usuario3 1462283524.45 1462283513.12 -11336.400032 7954
46 usuario9 1462283523.53 1462283507.99 -15542.5000191 2512
46 usuario12 1462283524.5 1462283509.05 -15444.5002079 3838
47 usuario14 1462283542.7 1462283533.39 -9310.40000916 8199
47 usuario1 1462283543.56 1462283527.96 -15596.1999893 2550
47 usuario11 1462283542.97 1462283526.48 -16490.4000759 1529
47 usuario2 1462283543.4 1462283526.74 -16664.3998623 1847
47 usuario15 1462283543.52 1462283543.49 -26.1998176575 18594
47 usuario4 1462283543.37 1462283526.9 -16478.6000252 1750
47 usuario8 1462283542.66 1462283529.28 -13384.9999905 3696
47 usuario6 1462283542.69 1462283541.6 -1094.79999542 16770
47 usuario10 1462283543.17 1462283539.02 -4144.00005341 14283
47 usuario5 1462283542.7 1462283532.38 -10311.3000393 7110
47 usuario16 1462283541.86 1462283532.44 -9420.00007629 6808
47 usuario13 1462283543.57 1462283528.11 -15454.9999237 3018
47 usuario7 1462283543.55 1462283540.42 -3131.10017776 15001
47 usuario3 1462283543.47 1462283532.13 -11339.8001194 6624
47 usuario9 1462283542.73 1462283532.46 -10275.1998901 7568
47 usuario12 1462283543.26 1462283531.92 -11339.4999504 6368
48 usuario14 1462283552.3 1462283552.27 -33.1001281738 8513
48 usuario1 1462283552.46 1462283549.32 -3134.09996033 4710
48 usuario11 1462283552.25 1462283546.04 -6211.10010147 2013
48 usuario2 1462283551.69 1462283547.48 -4203.9000988 3005
48 usuario15 1462283551.74 1462283551.71 -27.1999835968 7122
48 usuario4 1462283552.22 1462283547.03 -5185.30011177 2570
48 usuario8 1462283551.83 1462283549.73 -2108.00004005 5886
48 usuario6 1462283551.76 1462283546.55 -5206.59995079 2809
48 usuario10 1462283552.29 1462283549.1 -3196.8998909 4877
48 usuario5 1462283551.74 1462283551.7 -34.0001583099 7950
48 usuario16 1462283551.86 1462283546.57 -5294.19994354 2486
48 usuario13 1462283552.36 1462283549.22 -3141.59989357 4599
48 usuario7 1462283552.24 1462283550.12 -2117.30003357 5516
48 usuario3 1462283552.57 1462283547.38 -5190.39988518 2844
48 usuario9 1462283552.09 1462283549.95 -2138.79990578 5986
48 usuario12 1462283552.15 1462283551.07 -1078.59992981 6760
49 usuario14 1462283570.37 1462283566.21 -4159.19995308 12820
49 usuario1 1462283570.17 1462283557.81 -12368.9000607 4293
49 usuario11 1462283570.24 1462283554.79 -15454.100132 1487
49 usuario2 1462283569.85 1462283554.84 -15005.8999062 2001
49 usuario15 1462283570.26 1462283556.86 -13396.3999748 4047
49 usuario4 1462283570.51 1462283554.05 -16458.799839 777
49 usuario8 1462283570.67 1462283555.25 -15427.0000458 2360
49 usuario6 1462283570.2 1462283554.71 -15484.2000008 1896
49 usuario10 1462283570.18 1462283559.85 -10328.400135 6500
49 usuario5 1462283570.46 1462283568.34 -2112.49995232 15523
49 usuario16 1462283569.83 1462283560.37 -9463.99998665 7352
49 usuario13 1462283570.29 1462283555.85 -14434.7000122 2440
49 usuario7 1462283570.38 1462283570.35 -30.2999019623 17062
49 usuario3 1462283570.39 1462283555.96 -14425.6000519 2335
49 usuario9 1462283570.49 1462283563.45 -7038.40017319 10132
49 usuario12 1462283570.63 1462283555.21 -15424.9000549 2005
50 usuario14 1462283571.4 1462283579.02 7623.70014191 7567
50 usuario1 1462283571.2 1462283575.08 3880.80000877 3853
50 usuario11 1462283571.27 1462283572.45 1182.50012398 1158
50 usuario2 1462283570.89 1462283573.97 3082.00001717 3029
50 usuario15 1462283571.29 1462283577.45 6163.50007057 6132
50 usuario4 1462283571.53 1462283574.75 3215.40021896 3187
50 usuario8 1462283571.7 1462283577.58 5875.20003319 5848
50 usuario6 1462283571.23 1462283577.91 6689.59999084 6656
50 usuario10 1462283571.21 1462283596.83 25618.0000305 25589
50 usuario5 1462283571.48 1462283586.11 14626.5001297 14569
50 usuario16 1462283570.88 1462283574.94 4062.40010262 4025
50 usuario13 1462283571.31 1462283573.63 2314.30006027 2285
50 usuario7 1462283571.43 1462283580.79 9365.4999733 9335
50 usuario3 1462283571.41 1462283571.7 283.299922943 253
50 usuario9 1462283571.61 1462283578.96 7345.49999237 7263
50 usuario12 1462283571.66 1462283574.9 3239.79997635 3211
