round user time_start time_end time_php time_js
1 usuario2 1462880009.69 1462879987.17 -22513.9000416 6602
1 usuario6 1462880009.51 1462879987.9 -21611.7999554 7150
1 usuario5 1462880010.01 1462879984.32 -25691.9000149 3737
1 usuario15 1462880009.71 1462879990.24 -19467.099905 9297
1 usuario14 1462880009.44 1462879987.9 -21544.4998741 7036
1 usuario11 1462880009.49 1462879985.89 -23604.0999889 5116
1 usuario8 1462880009.21 1462879987.69 -21521.6999054 6594
1 usuario16 1462880009.53 1462879985.98 -23551.89991 4955
1 usuario10 1462880010.12 1462879988.39 -21731.2998772 7902
1 usuario9 1462880009.19 1462879986.68 -22512.3000145 5893
1 usuario7 1462880009.62 1462879999.35 -10270.2999115 18725
1 usuario1 1462880009.77 1462879986.24 -23532.7000618 5861
1 usuario3 1462880010.04 1462880010.02 -19.2999839783 29381
1 usuario12 1462880010.05 1462879989.54 -20508.0997944 9136
1 usuario13 1462880009.99 1462879987.36 -22624.3000031 6739
1 usuario4 1462880010.05 1462879992.6 -17450.5999088 11695
2 usuario2 1462880030.56 1462880016.22 -14333.6999416 5456
2 usuario6 1462880031.19 1462880015.8 -15384.5999241 5248
2 usuario5 1462880030.59 1462880015.18 -15413.4998322 4120
2 usuario15 1462880030.9 1462880026.77 -4122.29990959 16020
2 usuario14 1462880030.59 1462880016.19 -14399.1999626 5687
2 usuario11 1462880030.67 1462880017.33 -13338.2999897 6790
2 usuario8 1462880030.62 1462880017.26 -13360.5999947 6982
2 usuario16 1462880030.34 1462880023.14 -7202.80003548 12563
2 usuario10 1462880031.17 1462880014.76 -16408.0998898 3595
2 usuario9 1462880030.38 1462880030.36 -22.0000743866 20073
2 usuario7 1462880030.91 1462880022.69 -8219.89989281 12013
2 usuario1 1462880030.65 1462880018.35 -12306.2000275 7522
2 usuario3 1462880030.98 1462880030.95 -23.2000350952 19846
2 usuario12 1462880030.62 1462880023.42 -7197.70002365 12322
2 usuario13 1462880030.81 1462880015.31 -15504.1999817 4278
2 usuario4 1462880030.47 1462880022.25 -8216.00008011 11158
3 usuario2 1462880065.18 1462880034.46 -30721.4999199 2856
3 usuario6 1462880065.16 1462880033.41 -31747.6000786 1170
3 usuario5 1462880065.19 1462880032.43 -32761.1000538 788
3 usuario15 1462880065.0 1462880046.54 -18460.0999355 14602
3 usuario14 1462880064.35 1462880038.73 -25614.6998405 7088
3 usuario11 1462880064.62 1462880036.91 -27704.2000294 5198
3 usuario8 1462880064.49 1462880033.75 -30733.5000038 2087
3 usuario16 1462880065.14 1462880044.62 -20521.600008 13228
3 usuario10 1462880065.18 1462880036.44 -28737.9000187 4218
3 usuario9 1462880065.19 1462880038.61 -26583.799839 7175
3 usuario7 1462880064.43 1462880064.41 -22.3000049591 32463
3 usuario1 1462880064.43 1462880043.96 -20474.7998714 12259
3 usuario3 1462880064.63 1462880041.07 -23553.9999008 9028
3 usuario12 1462880064.72 1462880033.99 -30726.5999317 2334
3 usuario13 1462880064.85 1462880033.13 -31722.1000195 1280
3 usuario4 1462880064.73 1462880042.19 -22541.2998199 10675
4 usuario2 1462880093.07 1462880072.58 -20488.3000851 6354
4 usuario6 1462880092.6 1462880070.08 -22517.9998875 3878
4 usuario5 1462880093.34 1462880067.73 -25616.2998676 1496
4 usuario15 1462880093.03 1462880070.48 -22552.0999432 4436
4 usuario14 1462880092.93 1462880074.46 -18469.2001343 9062
4 usuario11 1462880093.21 1462880083.95 -9255.89990616 18287
4 usuario8 1462880092.53 1462880069.99 -22534.6000195 4457
4 usuario16 1462880093.03 1462880075.58 -17449.2001534 9392
4 usuario10 1462880092.52 1462880068.94 -23586.9998932 2709
4 usuario9 1462880092.69 1462880074.27 -18415.6999588 8031
4 usuario7 1462880093.15 1462880093.13 -19.4997787476 27634
4 usuario1 1462880092.95 1462880070.42 -22530.2000046 4942
4 usuario3 1462880092.45 1462880088.32 -4133.20016861 22644
4 usuario12 1462880092.75 1462880068.17 -24582.0999146 2403
4 usuario13 1462880092.41 1462880066.81 -25604.3000221 910
4 usuario4 1462880092.75 1462880070.14 -22610.3000641 4360
5 usuario2 1462880123.88 1462880100.35 -23530.299902 6231
5 usuario6 1462880123.57 1462880123.55 -20.4999446869 29886
5 usuario5 1462880123.6 1462880095.95 -27657.8998566 1556
5 usuario15 1462880124.31 1462880100.75 -23559.7000122 6661
5 usuario14 1462880123.81 1462880100.21 -23604.3999195 6226
5 usuario11 1462880123.56 1462880115.33 -8224.99990463 21075
5 usuario8 1462880123.71 1462880098.09 -25618.9000607 4526
5 usuario16 1462880124.0 1462880098.39 -25611.8998528 4318
5 usuario10 1462880123.62 1462880102.1 -21522.7000713 8525
5 usuario9 1462880123.84 1462880100.27 -23571.3999271 6534
5 usuario7 1462880124.2 1462880110.87 -13330.4998875 16654
5 usuario1 1462880123.57 1462880119.44 -4121.50001526 25446
5 usuario3 1462880124.02 1462880101.45 -22574.2998123 7952
5 usuario12 1462880123.59 1462880096.92 -26669.3000793 3126
5 usuario13 1462880124.03 1462880097.37 -26653.1000137 3919
5 usuario4 1462880123.52 1462880098.83 -24682.6000214 5033
6 usuario2 1462880152.3 1462880129.78 -22520.2999115 4857
6 usuario6 1462880151.51 1462880139.2 -12314.2001629 14557
6 usuario5 1462880151.95 1462880126.23 -25717.4999714 1582
6 usuario15 1462880151.65 1462880130.15 -21508.8000298 4790
6 usuario14 1462880151.49 1462880147.35 -4135.40005684 22500
6 usuario11 1462880152.02 1462880128.45 -23567.800045 3842
6 usuario8 1462880151.56 1462880126.99 -24574.0001202 2238
6 usuario16 1462880152.47 1462880141.18 -11286.7000103 15893
6 usuario10 1462880152.32 1462880126.69 -25636.6999149 2022
6 usuario9 1462880151.59 1462880135.22 -16374.5999336 10265
6 usuario7 1462880152.04 1462880134.58 -17463.4001255 9335
6 usuario1 1462880151.88 1462880138.54 -13338.2000923 13927
6 usuario3 1462880151.62 1462880151.6 -27.3001194 26531
6 usuario12 1462880152.17 1462880128.63 -23543.7998772 4005
6 usuario13 1462880152.06 1462880129.55 -22511.6999149 4479
6 usuario4 1462880151.66 1462880130.15 -21508.3999634 5583
7 usuario2 1462880181.75 1462880162.29 -19455.6000233 8943
7 usuario6 1462880152.53 1462880182.52 29990.4999733 29964
7 usuario5 1462880181.97 1462880157.3 -24668.4999466 4307
7 usuario15 1462880181.8 1462880156.16 -25646.1000443 3461
7 usuario14 1462880182.12 1462880159.56 -22563.8999939 7030
7 usuario11 1462880182.5 1462880154.81 -27696.0000992 1744
7 usuario8 1462880182.52 1462880167.14 -15380.7001114 14530
7 usuario16 1462880182.35 1462880169.0 -13352.4000645 15485
7 usuario10 1462880182.1 1462880155.44 -26661.7000103 2069
7 usuario9 1462880182.5 1462880154.85 -27646.999836 2214
7 usuario7 1462880182.35 1462880169.01 -13346.4999199 15916
7 usuario1 1462880181.75 1462880154.11 -27633.0001354 1189
7 usuario3 1462880181.83 1462880166.4 -15430.0000668 13700
7 usuario12 1462880181.79 1462880156.17 -25616.8000698 2953
7 usuario13 1462880181.9 1462880154.16 -27743.7000275 1049
7 usuario4 1462880181.79 1462880160.24 -21551.2998104 7512
8 usuario2 1462880211.08 1462880191.64 -19431.7998886 8847
8 usuario6 1462880211.03 1462880203.84 -7188.80009651 21235
8 usuario5 1462880211.32 1462880184.7 -26625.9000301 1686
8 usuario15 1462880210.93 1462880186.35 -24584.3000412 3497
8 usuario14 1462880211.45 1462880203.22 -8228.00016403 20054
8 usuario11 1462880211.32 1462880185.7 -25623.8000393 2144
8 usuario8 1462880210.85 1462880194.45 -16400.2997875 10879
8 usuario16 1462880210.96 1462880192.49 -18475.2001762 9090
8 usuario10 1462880210.6 1462880184.94 -25663.6998653 1795
8 usuario9 1462880211.59 1462880185.0 -26594.2001343 1459
8 usuario7 1462880211.52 1462880211.49 -27.3001194 28093
8 usuario1 1462880211.04 1462880190.57 -20470.2999592 7751
8 usuario3 1462880210.77 1462880209.69 -1073.30012321 26819
8 usuario12 1462880211.3 1462880184.67 -26624.3000031 1841
8 usuario13 1462880211.27 1462880184.64 -26630.699873 1701
8 usuario4 1462880211.47 1462880188.89 -22581.5000534 6043
9 usuario2 1462880223.14 1462880215.95 -7193.40014458 3826
9 usuario6 1462880223.35 1462880223.33 -19.2999839783 11263
9 usuario5 1462880223.3 1462880214.06 -9242.19989777 1693
9 usuario15 1462880222.95 1462880217.79 -5155.40003777 5810
9 usuario14 1462880222.62 1462880217.47 -5150.09999275 4950
9 usuario11 1462880223.42 1462880215.19 -8234.20000076 2824
9 usuario8 1462880223.09 1462880213.83 -9254.60004807 1942
9 usuario16 1462880223.54 1462880223.51 -27.6000499725 11501
9 usuario10 1462880223.1 1462880212.81 -10293.9999104 1142
9 usuario9 1462880222.9 1462880216.73 -6170.1002121 4087
9 usuario7 1462880223.01 1462880217.85 -5155.69996834 5266
9 usuario1 1462880223.12 1462880222.07 -1048.19989204 9981
9 usuario3 1462880223.2 1462880216.0 -7203.799963 4187
9 usuario12 1462880222.83 1462880216.65 -6181.20002747 4305
9 usuario13 1462880222.82 1462880213.59 -9239.0999794 1265
9 usuario4 1462880222.8 1462880216.6 -6194.29993629 4088
10 usuario2 1462880249.43 1462880226.94 -22495.000124 2756
10 usuario6 1462880249.3 1462880229.83 -19470.3998566 5404
10 usuario5 1462880249.52 1462880226.96 -22560.8999729 2614
10 usuario15 1462880248.87 1462880226.34 -22529.6001434 2349
10 usuario14 1462880249.4 1462880234.01 -15384.2999935 10345
10 usuario11 1462880249.12 1462880226.57 -22550.6000519 2058
10 usuario8 1462880249.11 1462880228.63 -20485.2001667 4493
10 usuario16 1462880249.26 1462880229.8 -19458.2002163 5183
10 usuario10 1462880249.45 1462880225.87 -23580.4998875 1676
10 usuario9 1462880248.88 1462880225.34 -23545.4001427 1399
10 usuario7 1462880249.16 1462880249.14 -20.9000110626 25089
10 usuario1 1462880248.72 1462880240.53 -8190.39988518 16362
10 usuario3 1462880249.16 1462880233.79 -15368.4999943 9540
10 usuario12 1462880249.44 1462880225.88 -23559.6001148 2005
10 usuario13 1462880248.75 1462880225.18 -23569.7000027 1308
10 usuario4 1462880249.1 1462880226.56 -22543.3998108 2717
11 usuario2 1462880296.31 1462880253.34 -42975.2998352 2858
11 usuario6 1462880296.47 1462880296.45 -25.3999233246 46101
11 usuario5 1462880296.37 1462880251.33 -45040.899992 760
11 usuario15 1462880295.78 1462880251.73 -44045.5999374 1815
11 usuario14 1462880296.14 1462880253.15 -42992.5000668 2689
11 usuario11 1462880296.73 1462880251.68 -45044.3000793 1512
11 usuario8 1462880296.54 1462880253.5 -43031.9001675 3346
11 usuario16 1462880296.21 1462880258.33 -37878.9999485 8028
11 usuario10 1462880296.62 1462880251.54 -45078.1998634 1041
11 usuario9 1462880296.32 1462880255.42 -40894.3998814 5493
11 usuario7 1462880296.13 1462880272.54 -23587.5000954 22313
11 usuario1 1462880296.45 1462880256.55 -39907.3998928 6773
11 usuario3 1462880295.78 1462880259.95 -35827.7997971 9730
11 usuario12 1462880296.09 1462880252.05 -44031.6998959 1571
11 usuario13 1462880296.44 1462880251.39 -45049.5998859 1548
11 usuario4 1462880295.9 1462880251.87 -44022.0999718 1727
12 usuario2 1462880321.18 1462880299.68 -21500.4999638 2323
12 usuario6 1462880321.79 1462880315.56 -6234.60006714 18016
12 usuario5 1462880321.02 1462880300.5 -20517.7998543 3089
12 usuario15 1462880321.03 1462880299.5 -21529.1998386 2672
12 usuario14 1462880321.42 1462880299.92 -21500.5998611 2739
12 usuario11 1462880320.88 1462880299.36 -21518.599987 1588
12 usuario8 1462880321.75 1462880301.25 -20506.2000751 3666
12 usuario16 1462880321.07 1462880300.59 -20483.700037 3329
12 usuario10 1462880321.65 1462880303.18 -18467.1998024 5487
12 usuario9 1462880321.36 1462880298.86 -22503.9000511 1495
12 usuario7 1462880321.48 1462880321.46 -22.9001045227 24256
12 usuario1 1462880321.39 1462880312.16 -9228.59978676 14657
12 usuario3 1462880321.77 1462880314.57 -7203.799963 17710
12 usuario12 1462880321.5 1462880298.91 -22591.0000801 1777
12 usuario13 1462880321.62 1462880299.09 -22527.1999836 1611
12 usuario4 1462880321.4 1462880301.92 -19477.699995 4981
13 usuario2 1462880354.32 1462880325.64 -28679.3000698 3416
13 usuario6 1462880354.5 1462880354.48 -23.1001377106 31642
13 usuario5 1462880354.27 1462880324.56 -29714.400053 2495
13 usuario15 1462880353.88 1462880324.18 -29700.9000778 2101
13 usuario14 1462880354.21 1462880324.49 -29711.5998268 2031
13 usuario11 1462880353.92 1462880324.23 -29692.6999092 2299
13 usuario8 1462880354.2 1462880332.67 -21526.4999866 9842
13 usuario16 1462880354.59 1462880324.89 -29693.4998035 2773
13 usuario10 1462880354.53 1462880324.81 -29722.3000526 2107
13 usuario9 1462880354.0 1462880326.36 -27632.6999664 3957
13 usuario7 1462880354.35 1462880331.76 -22586.1999989 9220
13 usuario1 1462880354.53 1462880332.96 -21567.1000481 10534
13 usuario3 1462880354.68 1462880326.01 -28672.8999615 3196
13 usuario12 1462880354.2 1462880324.5 -29702.4998665 1938
13 usuario13 1462880354.84 1462880326.16 -28676.3000488 3493
13 usuario4 1462880353.92 1462880325.19 -28730.4999828 2748
14 usuario2 1462880385.88 1462880357.2 -28683.0000877 1839
14 usuario6 1462880385.89 1462880364.37 -21524.1999626 8795
14 usuario5 1462880385.79 1462880356.07 -29720.8001614 753
14 usuario15 1462880385.31 1462880356.63 -28683.3999157 1709
14 usuario14 1462880385.71 1462880359.09 -26617.4001694 3839
14 usuario11 1462880385.85 1462880357.16 -28685.2998734 2199
14 usuario8 1462880385.35 1462880357.69 -27653.8999081 2449
14 usuario16 1462880385.52 1462880357.88 -27645.6000805 2249
14 usuario10 1462880385.05 1462880357.26 -27787.0001793 1686
14 usuario9 1462880385.78 1462880356.09 -29691.2000179 1049
14 usuario7 1462880385.58 1462880385.56 -19.9000835419 30143
14 usuario1 1462880385.37 1462880361.81 -23561.3000393 6232
14 usuario3 1462880385.48 1462880359.87 -25609.2000008 4139
14 usuario12 1462880385.17 1462880362.62 -22551.199913 7337
14 usuario13 1462880385.27 1462880357.62 -27653.9001465 1737
14 usuario4 1462880385.88 1462880357.13 -28757.1001053 2156
15 usuario2 1462880401.77 1462880388.46 -13313.8999939 1530
15 usuario6 1462880401.76 1462880391.51 -10251.8999577 4505
15 usuario5 1462880401.03 1462880388.71 -12322.9000568 1874
15 usuario15 1462880401.97 1462880389.65 -12326.4000416 3286
15 usuario14 1462880401.49 1462880389.19 -12299.200058 2438
15 usuario11 1462880401.68 1462880388.34 -13345.7000256 1441
15 usuario8 1462880401.36 1462880397.22 -4138.09990883 10825
15 usuario16 1462880401.34 1462880388.95 -12382.600069 2390
15 usuario10 1462880401.91 1462880388.56 -13341.7999744 2409
15 usuario9 1462880401.4 1462880388.09 -13307.6000214 1263
15 usuario7 1462880401.28 1462880401.26 -20.4999446869 14615
15 usuario1 1462880401.66 1462880396.52 -5138.89980316 10107
15 usuario3 1462880400.98 1462880387.65 -13332.4000835 1117
15 usuario12 1462880401.42 1462880390.13 -11289.2999649 3917
15 usuario13 1462880401.44 1462880388.11 -13325.9999752 1798
15 usuario4 1462880401.52 1462880390.22 -11301.500082 3293
16 usuario2 1462880417.59 1462880405.28 -12304.1000366 2465
16 usuario6 1462880417.92 1462880417.9 -19.700050354 15095
16 usuario5 1462880417.31 1462880402.87 -14436.7001057 800
16 usuario15 1462880417.25 1462880404.83 -12423.899889 1813
16 usuario14 1462880417.24 1462880404.93 -12308.3000183 2393
16 usuario11 1462880417.14 1462880404.8 -12336.8999958 2070
16 usuario8 1462880417.69 1462880406.4 -11290.6999588 3998
16 usuario16 1462880417.7 1462880404.3 -13400.7999897 1915
16 usuario10 1462880417.16 1462880404.84 -12313.1000996 1893
16 usuario9 1462880417.74 1462880403.39 -14342.099905 958
16 usuario7 1462880417.6 1462880410.32 -7275.00009537 7979
16 usuario1 1462880417.54 1462880405.23 -12304.8000336 2528
16 usuario3 1462880417.29 1462880413.16 -4125.80013275 11139
16 usuario12 1462880417.67 1462880407.4 -10270.7998753 4939
16 usuario13 1462880417.24 1462880403.93 -13311.3000393 1445
16 usuario4 1462880417.79 1462880404.44 -13354.7999859 1869
17 usuario2 1462880439.84 1462880420.39 -19450.5999088 1755
17 usuario6 1462880439.95 1462880433.77 -6180.5999279 14750
17 usuario5 1462880439.5 1462880419.01 -20492.3000336 656
17 usuario15 1462880439.44 1462880419.96 -19473.1001854 1666
17 usuario14 1462880439.87 1462880420.41 -19461.6999626 2125
17 usuario11 1462880439.78 1462880420.3 -19480.8998108 2116
17 usuario8 1462880439.75 1462880420.15 -19600.2001762 1416
17 usuario16 1462880439.32 1462880420.87 -18450.0000477 2125
17 usuario10 1462880439.73 1462880420.24 -19492.3000336 2035
17 usuario9 1462880439.9 1462880419.44 -20466.5000439 657
17 usuario7 1462880439.48 1462880439.45 -27.6999473572 20804
17 usuario1 1462880439.7 1462880421.27 -18434.499979 2690
17 usuario3 1462880439.51 1462880426.18 -13329.7998905 7843
17 usuario12 1462880440.04 1462880421.58 -18466.0999775 2859
17 usuario13 1462880439.11 1462880420.61 -18499.7000694 2323
17 usuario4 1462880439.34 1462880422.92 -16425.2998829 4079
18 usuario2 1462880463.71 1462880442.23 -21486.9999886 1347
18 usuario6 1462880463.56 1462880453.29 -10269.0000534 12294
18 usuario5 1462880463.83 1462880441.3 -22524.1000652 757
18 usuario15 1462880463.67 1462880442.14 -21531.1999321 1654
18 usuario14 1462880463.7 1462880443.22 -20482.7001095 2300
18 usuario11 1462880463.76 1462880443.24 -20527.200222 2423
18 usuario8 1462880463.82 1462880446.4 -17424.4000912 5595
18 usuario16 1462880463.21 1462880445.78 -17430.5000305 5384
18 usuario10 1462880463.4 1462880442.83 -20572.4999905 2037
18 usuario9 1462880463.48 1462880443.0 -20476.6998291 2048
18 usuario7 1462880463.44 1462880463.42 -21.1000442505 22872
18 usuario1 1462880463.66 1462880447.26 -16404.900074 6504
18 usuario3 1462880463.42 1462880445.98 -17432.500124 5430
18 usuario12 1462880463.75 1462880443.25 -20494.1999912 2168
18 usuario13 1462880463.33 1462880441.82 -21507.4000359 1668
18 usuario4 1462880463.37 1462880442.86 -20512.9001141 2473
19 usuario2 1462880479.79 1462880466.42 -13373.5001087 1660
19 usuario6 1462880479.9 1462880479.87 -26.7999172211 15271
19 usuario5 1462880479.75 1462880466.42 -13330.6999207 1542
19 usuario15 1462880479.96 1462880470.72 -9241.10007286 5976
19 usuario14 1462880479.95 1462880467.65 -12307.8999519 2906
19 usuario11 1462880479.87 1462880469.6 -10262.6001835 4793
19 usuario8 1462880479.82 1462880471.6 -8220.29995918 6737
19 usuario16 1462880479.82 1462880469.56 -10260.4000568 5298
19 usuario10 1462880479.61 1462880466.25 -13357.6998711 1805
19 usuario9 1462880479.45 1462880468.17 -11273.7998962 3649
19 usuario7 1462880479.23 1462880472.04 -7196.99978828 7532
19 usuario1 1462880479.62 1462880469.36 -10260.60009 4661
19 usuario3 1462880479.84 1462880470.61 -9232.20014572 6141
19 usuario12 1462880480.03 1462880466.69 -13338.0999565 1897
19 usuario13 1462880479.37 1462880467.06 -12308.5000515 2682
19 usuario4 1462880479.68 1462880467.35 -12325.2999783 2936
20 usuario2 1462880497.01 1462880484.71 -12293.7998772 3876
20 usuario6 1462880497.22 1462880497.19 -25.7000923157 16226
20 usuario5 1462880496.77 1462880481.4 -15377.5999546 603
20 usuario15 1462880496.29 1462880482.96 -13333.1000805 1955
20 usuario14 1462880496.79 1462880484.49 -12298.7000942 3495
20 usuario11 1462880496.18 1462880496.16 -23.2000350952 15217
20 usuario8 1462880496.96 1462880484.61 -12355.700016 3744
20 usuario16 1462880496.21 1462880487.96 -8247.60007858 7101
20 usuario10 1462880497.04 1462880481.65 -15394.5999146 996
20 usuario9 1462880496.35 1462880482.01 -14338.1001949 1521
20 usuario7 1462880496.8 1462880482.43 -14370.1999187 2160
20 usuario1 1462880496.24 1462880483.94 -12302.8998375 3268
20 usuario3 1462880497.06 1462880497.04 -20.3001499176 16155
20 usuario12 1462880496.9 1462880487.66 -9247.49994278 6581
20 usuario13 1462880496.23 1462880483.92 -12302.2999763 3512
20 usuario4 1462880496.22 1462880483.86 -12359.6000671 3133
21 usuario2 1462880514.36 1462880500.05 -14311.6998672 1998
21 usuario6 1462880515.24 1462880510.09 -5153.30004692 11799
21 usuario5 1462880514.73 1462880498.31 -16419.8000431 495
21 usuario15 1462880514.92 1462880498.53 -16387.3999119 1196
21 usuario14 1462880514.91 1462880500.56 -14340.7001495 2727
21 usuario11 1462880514.89 1462880503.61 -11280.4999352 5326
21 usuario8 1462880514.3 1462880503.02 -11278.9001465 5004
21 usuario16 1462880515.07 1462880503.75 -11325.0000477 6486
21 usuario10 1462880514.26 1462880498.89 -15370.8999157 799
21 usuario9 1462880514.4 1462880499.07 -15330.8999538 1668
21 usuario7 1462880515.12 1462880515.1 -22.3000049591 17248
21 usuario1 1462880514.37 1462880500.03 -14330.9001923 2756
21 usuario3 1462880514.87 1462880508.7 -6171.0999012 10564
21 usuario12 1462880515.12 1462880503.85 -11270.2999115 5893
21 usuario13 1462880514.44 1462880499.07 -15369.5001602 1797
21 usuario4 1462880514.25 1462880499.89 -14357.5999737 2629
22 usuario2 1462880540.85 1462880517.23 -23620.8999157 1829
22 usuario6 1462880540.42 1462880540.4 -17.1000957489 24114
22 usuario5 1462880540.89 1462880516.32 -24572.2999573 538
22 usuario15 1462880540.9 1462880517.34 -23558.6001873 1372
22 usuario14 1462880540.5 1462880522.05 -18452.3000717 6070
22 usuario11 1462880541.23 1462880517.67 -23567.0001507 1732
22 usuario8 1462880540.65 1462880517.07 -23575.5000114 1735
22 usuario16 1462880540.67 1462880524.26 -16411.9999409 8142
22 usuario10 1462880541.29 1462880516.67 -24615.7000065 1304
22 usuario9 1462880541.25 1462880516.65 -24599.2000103 1214
22 usuario7 1462880540.43 1462880517.87 -22555.5999279 1695
22 usuario1 1462880540.99 1462880518.46 -22523.2000351 3058
22 usuario3 1462880541.28 1462880517.72 -23562.9000664 1809
22 usuario12 1462880541.19 1462880527.85 -13339.799881 11686
22 usuario13 1462880540.68 1462880517.14 -23543.7998772 1663
22 usuario4 1462880541.06 1462880517.5 -23559.7000122 2206
23 usuario2 1462880560.56 1462880545.2 -15364.7999763 3308
23 usuario6 1462880560.72 1462880547.38 -13338.7000561 5900
23 usuario5 1462880561.07 1462880542.61 -18455.5001259 682
23 usuario15 1462880560.95 1462880543.52 -17427.2999763 1576
23 usuario14 1462880560.47 1462880546.12 -14359.8001003 4571
23 usuario11 1462880561.23 1462880543.78 -17453.0000687 1501
23 usuario8 1462880561.3 1462880546.95 -14353.000164 5251
23 usuario16 1462880560.41 1462880548.1 -12313.0998611 6388
23 usuario10 1462880560.94 1462880543.49 -17449.8999119 1160
23 usuario9 1462880560.67 1462880543.24 -17424.7999191 859
23 usuario7 1462880560.57 1462880560.55 -22.0999717712 19060
23 usuario1 1462880561.31 1462880547.99 -13319.7999001 5930
23 usuario3 1462880560.45 1462880547.12 -13323.8999844 4796
23 usuario12 1462880561.19 1462880550.93 -10264.6999359 8691
23 usuario13 1462880561.22 1462880543.79 -17429.199934 2075
23 usuario4 1462880561.21 1462880545.8 -15406.1000347 3692
24 usuario2 1462880580.27 1462880564.9 -15373.4998703 3294
24 usuario6 1462880579.91 1462880579.89 -22.7999687195 18116
24 usuario5 1462880580.29 1462880562.76 -17523.2999325 647
24 usuario15 1462880579.85 1462880563.45 -16405.4000378 1455
24 usuario14 1462880579.39 1462880563.99 -15398.6001015 2474
24 usuario11 1462880579.74 1462880568.44 -11307.1000576 6157
24 usuario8 1462880579.58 1462880565.21 -14365.3998375 2872
24 usuario16 1462880579.66 1462880566.24 -13424.9999523 4776
24 usuario10 1462880580.21 1462880563.64 -16563.8000965 1651
24 usuario9 1462880580.39 1462880562.99 -17401.9999504 1282
24 usuario7 1462880579.74 1462880571.51 -8222.10001945 9883
24 usuario1 1462880579.66 1462880570.42 -9240.4999733 8066
24 usuario3 1462880579.57 1462880565.21 -14365.1001453 3721
24 usuario12 1462880580.36 1462880567.02 -13337.8999233 4781
24 usuario13 1462880579.49 1462880564.13 -15361.700058 1854
24 usuario4 1462880580.37 1462880564.98 -15385.1997852 2727
25 usuario2 1462880591.68 1462880585.53 -6151.99995041 4218
25 usuario6 1462880591.71 1462880591.69 -19.5999145508 10712
25 usuario5 1462880591.76 1462880582.51 -9247.60007858 1179
25 usuario15 1462880592.24 1462880584.02 -8212.70012856 3126
25 usuario14 1462880591.77 1462880583.55 -8222.39995003 2090
25 usuario11 1462880591.67 1462880582.42 -9248.89993668 1581
25 usuario8 1462880592.3 1462880584.08 -8220.09992599 3455
25 usuario16 1462880592.11 1462880584.92 -7195.59979439 4207
25 usuario10 1462880591.89 1462880582.64 -9256.00004196 1385
25 usuario9 1462880591.66 1462880584.41 -7253.10015678 2960
25 usuario7 1462880592.42 1462880583.17 -9247.20001221 2386
25 usuario1 1462880592.15 1462880584.96 -7187.99996376 4258
25 usuario3 1462880591.98 1462880582.7 -9273.99992943 2084
25 usuario12 1462880592.45 1462880587.21 -5240.00000954 5806
25 usuario13 1462880591.57 1462880585.4 -6172.90019989 4862
25 usuario4 1462880591.68 1462880584.47 -7207.10015297 3053
26 usuario2 1462880609.89 1462880596.57 -13318.7999725 3847
26 usuario6 1462880610.28 1462880604.1 -6181.29992485 11329
26 usuario5 1462880609.93 1462880593.53 -16405.4000378 725
26 usuario15 1462880609.5 1462880598.21 -11285.200119 4932
26 usuario14 1462880610.35 1462880594.9 -15448.8999844 2086
26 usuario11 1462880609.48 1462880596.1 -13382.8001022 3372
26 usuario8 1462880610.2 1462880597.88 -12313.6999607 4539
26 usuario16 1462880609.72 1462880595.38 -14341.2001133 2222
26 usuario10 1462880610.17 1462880593.72 -16450.5999088 779
26 usuario9 1462880609.67 1462880594.3 -15375.2000332 1593
26 usuario7 1462880609.92 1462880609.9 -20.6999778748 16427
26 usuario1 1462880610.29 1462880599.01 -11286.0000134 5812
26 usuario3 1462880609.98 1462880596.66 -13329.4000626 3634
26 usuario12 1462880609.5 1462880598.22 -11287.5001431 4669
26 usuario13 1462880610.2 1462880597.9 -12303.9000034 5237
26 usuario4 1462880609.76 1462880603.59 -6177.89983749 10837
27 usuario2 1462880627.93 1462880614.6 -13323.4000206 3666
27 usuario6 1462880628.23 1462880628.21 -22.0999717712 16877
27 usuario5 1462880627.97 1462880611.55 -16415.8000946 575
27 usuario15 1462880628.1 1462880611.68 -16417.7000523 1133
27 usuario14 1462880627.61 1462880613.21 -14399.600029 1824
27 usuario11 1462880628.39 1462880615.02 -13367.4001694 3403
27 usuario8 1462880627.77 1462880617.48 -10293.6000824 6240
27 usuario16 1462880627.59 1462880613.22 -14372.4999428 2447
27 usuario10 1462880627.94 1462880613.48 -14456.099987 2269
27 usuario9 1462880628.0 1462880611.54 -16455.3000927 824
27 usuario7 1462880627.74 1462880612.34 -15403.8000107 1365
27 usuario1 1462880628.48 1462880615.06 -13424.1001606 3726
27 usuario3 1462880627.72 1462880624.61 -3116.10007286 13544
27 usuario12 1462880628.29 1462880613.91 -14380.4001808 3356
27 usuario13 1462880628.32 1462880612.88 -15445.9998608 1628
27 usuario4 1462880627.67 1462880620.44 -7225.49986839 9630
28 usuario2 1462880647.36 1462880632.93 -14427.8001785 3959
28 usuario6 1462880646.76 1462880642.63 -4131.10017776 13331
28 usuario5 1462880647.11 1462880629.61 -17499.2001057 594
28 usuario15 1462880646.88 1462880630.45 -16431.9000244 1312
28 usuario14 1462880647.51 1462880630.06 -17444.4999695 1402
28 usuario11 1462880646.93 1462880639.73 -7199.39994812 10286
28 usuario8 1462880647.53 1462880647.51 -21.399974823 18656
28 usuario16 1462880646.9 1462880630.47 -16428.6000729 1833
28 usuario10 1462880646.83 1462880630.36 -16465.8000469 1377
28 usuario9 1462880647.48 1462880629.9 -17580.4998875 803
28 usuario7 1462880647.2 1462880631.78 -15420.0000763 2989
28 usuario1 1462880646.94 1462880634.58 -12360.9001637 5033
28 usuario3 1462880647.21 1462880637.93 -9280.49993515 9153
28 usuario12 1462880646.84 1462880633.47 -13368.999958 4139
28 usuario13 1462880647.51 1462880631.1 -16407.200098 1707
28 usuario4 1462880646.96 1462880630.54 -16417.4001217 1823
29 usuario2 1462880665.35 1462880649.98 -15371.999979 1574
29 usuario6 1462880665.01 1462880664.99 -21.8999385834 17175
29 usuario5 1462880665.29 1462880648.88 -16413.4998322 725
29 usuario15 1462880665.08 1462880650.73 -14347.8000164 2800
29 usuario14 1462880665.05 1462880650.68 -14372.7998734 2126
29 usuario11 1462880664.91 1462880652.59 -12318.6998367 4608
29 usuario8 1462880665.12 1462880650.72 -14397.1998692 2128
29 usuario16 1462880665.6 1462880654.31 -11287.3001099 6354
29 usuario10 1462880664.79 1462880650.35 -14441.9000149 2467
29 usuario9 1462880665.6 1462880649.21 -16391.4999962 675
29 usuario7 1462880664.92 1462880651.57 -13345.4999924 3323
29 usuario1 1462880665.08 1462880659.93 -5149.89995956 11947
29 usuario3 1462880665.02 1462880655.78 -9245.80001831 7514
29 usuario12 1462880665.56 1462880660.4 -5157.40013123 12510
29 usuario13 1462880665.4 1462880650.03 -15374.0000725 1470
29 usuario4 1462880664.73 1462880652.39 -12342.6001072 4385
30 usuario2 1462880676.29 1462880668.08 -8210.09993553 1686
30 usuario6 1462880675.86 1462880675.84 -21.0998058319 9762
30 usuario5 1462880676.17 1462880666.92 -9251.3999939 581
30 usuario15 1462880676.59 1462880667.34 -9252.39992142 1214
30 usuario14 1462880676.02 1462880669.85 -6166.70012474 3759
30 usuario11 1462880676.61 1462880667.36 -9249.20010567 1414
30 usuario8 1462880675.77 1462880670.61 -5160.00008583 4447
30 usuario16 1462880676.2 1462880673.09 -3109.10010338 6448
30 usuario10 1462880676.37 1462880667.12 -9248.4998703 1288
30 usuario9 1462880676.04 1462880667.83 -8210.00003815 1183
30 usuario7 1462880676.57 1462880675.51 -1061.30003929 9519
30 usuario1 1462880676.26 1462880673.17 -3095.09992599 7031
30 usuario3 1462880676.41 1462880674.32 -2086.10010147 8252
30 usuario12 1462880676.53 1462880670.34 -6186.59996986 3742
30 usuario13 1462880675.98 1462880667.77 -8213.09995651 1314
30 usuario4 1462880675.98 1462880667.74 -8240.4999733 1964
31 usuario2 1462880693.7 1462880679.35 -14343.0001736 2018
31 usuario6 1462880693.68 1462880682.39 -11289.0999317 5458
31 usuario5 1462880693.56 1462880679.19 -14368.8998222 1976
31 usuario15 1462880692.74 1462880678.39 -14354.6001911 748
31 usuario14 1462880693.49 1462880681.17 -12321.7000961 4109
31 usuario11 1462880692.83 1462880679.48 -13342.799902 1827
31 usuario8 1462880693.54 1462880679.18 -14364.5999432 2363
31 usuario16 1462880693.35 1462880682.03 -11315.7999516 4784
31 usuario10 1462880693.41 1462880682.09 -11322.3998547 4670
31 usuario9 1462880693.24 1462880677.85 -15386.7001534 775
31 usuario7 1462880692.92 1462880692.89 -26.6001224518 15272
31 usuario1 1462880692.72 1462880681.44 -11282.7999592 4130
31 usuario3 1462880693.36 1462880686.15 -7214.90001678 8689
31 usuario12 1462880692.94 1462880679.59 -13353.8000584 2014
31 usuario13 1462880692.96 1462880678.61 -14348.2999802 1586
31 usuario4 1462880693.0 1462880679.63 -13361.4001274 2605
32 usuario2 1462880706.69 1462880696.37 -10325.7000446 1626
32 usuario6 1462880706.27 1462880700.09 -6177.79994011 5367
32 usuario5 1462880706.6 1462880696.31 -10280.7998657 1712
32 usuario15 1462880706.66 1462880695.37 -11292.9000854 1584
32 usuario14 1462880706.61 1462880696.34 -10270.1001167 1509
32 usuario11 1462880706.34 1462880695.03 -11315.0999546 1161
32 usuario8 1462880706.45 1462880696.17 -10284.5001221 1578
32 usuario16 1462880706.68 1462880699.49 -7190.29998779 5094
32 usuario10 1462880706.74 1462880696.46 -10282.900095 1994
32 usuario9 1462880706.57 1462880695.28 -11285.8998775 1004
32 usuario7 1462880706.47 1462880706.44 -20.4999446869 12460
32 usuario1 1462880706.06 1462880696.82 -9245.10002136 3061
32 usuario3 1462880705.95 1462880696.69 -9256.29997253 2242
32 usuario12 1462880706.15 1462880696.88 -9261.30008698 2897
32 usuario13 1462880706.02 1462880694.73 -11288.1000042 730
32 usuario4 1462880706.45 1462880696.15 -10299.0000248 2114
33 usuario2 1462880712.12 1462880710.05 -2070.19996643 2314
33 usuario6 1462880711.83 1462880711.81 -18.59998703 4508
33 usuario5 1462880712.3 1462880709.19 -3105.70001602 1559
33 usuario15 1462880712.68 1462880708.56 -4119.09985542 850
33 usuario14 1462880712.53 1462880709.43 -3099.70021248 1780
33 usuario11 1462880711.98 1462880708.87 -3114.30001259 1488
33 usuario8 1462880711.93 1462880710.86 -1071.00009918 3368
33 usuario16 1462880712.59 1462880710.5 -2086.30013466 2776
33 usuario10 1462880711.92 1462880708.81 -3109.89999771 1029
33 usuario9 1462880712.5 1462880708.39 -4116.69993401 782
33 usuario7 1462880712.23 1462880709.12 -3107.50007629 1595
33 usuario1 1462880711.98 1462880711.95 -23.4999656677 4853
33 usuario3 1462880712.62 1462880708.49 -4125.49996376 1499
33 usuario12 1462880712.16 1462880709.05 -3112.20002174 1859
33 usuario13 1462880711.82 1462880708.71 -3106.69994354 1654
33 usuario4 1462880712.38 1462880709.26 -3118.79992485 1768
34 usuario2 1462880733.97 1462880717.59 -16381.9000721 4427
34 usuario6 1462880734.36 1462880720.0 -14351.099968 7105
34 usuario5 1462880734.32 1462880716.89 -17428.0998707 3548
34 usuario15 1462880733.98 1462880716.53 -17450.4001141 2802
34 usuario14 1462880734.64 1462880715.17 -19469.0999985 1591
34 usuario11 1462880734.49 1462880713.99 -20506.000042 954
34 usuario8 1462880734.75 1462880714.25 -20505.7001114 1262
34 usuario16 1462880734.5 1462880716.02 -18481.1999798 2382
34 usuario10 1462880734.33 1462880713.71 -20621.5000153 737
34 usuario9 1462880734.01 1462880714.55 -19467.3998356 999
34 usuario7 1462880733.86 1462880733.83 -26.9999504089 20561
34 usuario1 1462880734.63 1462880715.15 -19474.9999046 2118
34 usuario3 1462880734.52 1462880715.05 -19466.1002159 1388
34 usuario12 1462880734.3 1462880714.81 -19490.8001423 1602
34 usuario13 1462880734.5 1462880717.04 -17457.7000141 4174
34 usuario4 1462880733.97 1462880716.53 -17442.8999424 3097
35 usuario2 1462880751.72 1462880738.4 -13320.1999664 3379
35 usuario6 1462880751.86 1462880745.68 -6177.79994011 10242
35 usuario5 1462880751.31 1462880736.97 -14344.8998928 1603
35 usuario15 1462880750.9 1462880735.52 -15378.000021 494
35 usuario14 1462880751.55 1462880737.19 -14356.1999798 1512
35 usuario11 1462880751.25 1462880739.86 -11390.599966 4320
35 usuario8 1462880751.28 1462880751.26 -19.5000171661 15457
35 usuario16 1462880751.04 1462880737.72 -13324.2998123 2174
35 usuario10 1462880751.23 1462880736.85 -14379.6000481 1476
35 usuario9 1462880751.08 1462880735.72 -15355.4999828 661
35 usuario7 1462880751.28 1462880739.98 -11297.6000309 5051
35 usuario1 1462880751.66 1462880740.38 -11284.1999531 4702
35 usuario3 1462880751.47 1462880738.13 -13338.9999866 2575
35 usuario12 1462880751.81 1462880738.44 -13365.0999069 3102
35 usuario13 1462880751.86 1462880736.48 -15377.1998882 931
35 usuario4 1462880751.29 1462880736.94 -14358.7999344 1921
36 usuario2 1462880786.31 1462880756.56 -29748.4002113 3794
36 usuario6 1462880786.92 1462880762.31 -24609.8999977 9408
36 usuario5 1462880786.93 1462880754.12 -32813.1000996 1764
36 usuario15 1462880786.75 1462880752.89 -33862.4000549 942
36 usuario14 1462880786.31 1462880757.59 -28716.6998386 4976
36 usuario11 1462880786.86 1462880755.05 -31806.7998886 2749
36 usuario8 1462880786.0 1462880754.24 -31766.3998604 1894
36 usuario16 1462880786.74 1462880755.98 -30762.5000477 3897
36 usuario10 1462880786.63 1462880754.79 -31837.3999596 2508
36 usuario9 1462880786.81 1462880752.91 -33892.2998905 795
36 usuario7 1462880786.4 1462880786.38 -21.7998027802 34051
36 usuario1 1462880786.74 1462880757.01 -29727.4999619 4299
36 usuario3 1462880786.5 1462880753.59 -32908.3001614 1085
36 usuario12 1462880786.69 1462880758.97 -27718.9002037 6091
36 usuario13 1462880786.58 1462880754.81 -31763.600111 1910
36 usuario4 1462880786.87 1462880763.28 -23591.7999744 10931
37 usuario2 1462880794.99 1462880789.84 -5145.99990845 2487
37 usuario6 1462880795.21 1462880795.19 -19.6001529694 7218
37 usuario5 1462880795.48 1462880789.3 -6176.19991302 1318
37 usuario15 1462880795.47 1462880789.29 -6183.70008469 1487
37 usuario14 1462880795.57 1462880791.44 -4134.79995728 4081
37 usuario11 1462880795.69 1462880791.55 -4137.90011406 3652
37 usuario8 1462880795.46 1462880790.29 -5165.10009766 3236
37 usuario16 1462880795.13 1462880789.97 -5152.1999836 2185
37 usuario10 1462880795.96 1462880789.76 -6195.60003281 2084
37 usuario9 1462880795.52 1462880789.36 -6160.79998016 1508
37 usuario7 1462880795.91 1462880788.7 -7208.99987221 1237
37 usuario1 1462880795.94 1462880793.86 -2072.79992104 6081
37 usuario3 1462880795.32 1462880789.14 -6175.80008507 1592
37 usuario12 1462880795.87 1462880792.77 -3103.50012779 5019
37 usuario13 1462880795.75 1462880789.57 -6180.20009995 1947
37 usuario4 1462880796.01 1462880790.84 -5170.49980164 2917
38 usuario2 1462880822.77 1462880800.25 -22524.900198 3188
38 usuario6 1462880822.95 1462880803.46 -19485.9001637 7187
38 usuario5 1462880822.07 1462880799.52 -22554.0001392 2991
38 usuario15 1462880822.45 1462880797.86 -24584.800005 1348
38 usuario14 1462880822.64 1462880800.11 -22525.5999565 3490
38 usuario11 1462880822.74 1462880799.17 -23566.3998127 2436
38 usuario8 1462880822.58 1462880797.99 -24587.0001316 1488
38 usuario16 1462880822.82 1462880798.23 -24587.3000622 2060
38 usuario10 1462880822.3 1462880798.72 -23583.8000774 1711
38 usuario9 1462880822.58 1462880798.01 -24571.0999966 1440
38 usuario7 1462880822.47 1462880822.45 -24.8000621796 25487
38 usuario1 1462880822.4 1462880799.87 -22524.3999958 2891
38 usuario3 1462880822.8 1462880805.38 -17421.0000038 9009
38 usuario12 1462880822.32 1462880798.77 -23550.8000851 1856
38 usuario13 1462880822.73 1462880798.08 -24650.0000954 1279
38 usuario4 1462880823.03 1462880798.43 -24597.0001221 1382
39 usuario2 1462880840.49 1462880826.13 -14353.4998894 2315
39 usuario6 1462880840.61 1462880832.39 -8223.89984131 9583
39 usuario5 1462880840.56 1462880825.17 -15387.0999813 2054
39 usuario15 1462880840.91 1462880824.51 -16402.3001194 1016
39 usuario14 1462880840.3 1462880839.23 -1069.49996948 15511
39 usuario11 1462880841.08 1462880825.68 -15396.999836 1897
39 usuario8 1462880840.11 1462880830.87 -9236.70005798 7242
39 usuario16 1462880840.32 1462880825.95 -14375.0998974 2081
39 usuario10 1462880841.11 1462880825.7 -15407.1998596 2348
39 usuario9 1462880840.88 1462880824.48 -16403.9001465 853
39 usuario7 1462880840.42 1462880840.4 -20.6000804901 16866
39 usuario1 1462880840.24 1462880831.01 -9229.09998894 7564
39 usuario3 1462880841.1 1462880825.66 -15436.3999367 1815
39 usuario12 1462880840.9 1462880825.51 -15390.8998966 2146
39 usuario13 1462880840.89 1462880824.48 -16410.8998775 700
39 usuario4 1462880840.17 1462880825.76 -14411.3998413 1683
40 usuario2 1462880863.72 1462880843.22 -20502.5000572 1698
40 usuario6 1462880863.28 1462880863.26 -23.6001014709 21598
40 usuario5 1462880863.9 1462880842.37 -21528.7997723 764
40 usuario15 1462880863.57 1462880843.05 -20526.900053 1089
40 usuario14 1462880863.45 1462880858.28 -5171.90003395 16937
40 usuario11 1462880864.02 1462880844.5 -19513.8998032 2381
40 usuario8 1462880863.73 1462880843.22 -20507.1001053 2072
40 usuario16 1462880863.97 1462880845.51 -18451.0998726 4148
40 usuario10 1462880863.45 1462880843.82 -19632.1001053 1671
40 usuario9 1462880863.92 1462880842.41 -21503.000021 489
40 usuario7 1462880864.01 1462880843.5 -20510.6999874 2015
40 usuario1 1462880863.48 1462880845.02 -18464.2999172 3740
40 usuario3 1462880863.99 1462880844.52 -19470.9000587 2381
40 usuario12 1462880863.89 1462880844.4 -19493.1001663 2453
40 usuario13 1462880864.13 1462880843.62 -20507.1001053 1688
40 usuario4 1462880863.42 1462880843.9 -19517.9002285 2692
41 usuario2 1462880878.46 1462880868.19 -10275.3000259 3418
41 usuario6 1462880878.38 1462880869.12 -9256.99996948 4775
41 usuario5 1462880878.68 1462880872.51 -6177.20007896 7525
41 usuario15 1462880879.09 1462880865.72 -13369.2998886 1103
41 usuario14 1462880878.85 1462880867.56 -11291.5000916 3060
41 usuario11 1462880878.93 1462880868.64 -10292.0999527 3574
41 usuario8 1462880879.06 1462880879.04 -20.9000110626 14263
41 usuario16 1462880878.42 1462880868.15 -10262.5999451 3143
41 usuario10 1462880878.6 1462880866.24 -12356.8000793 1742
41 usuario9 1462880879.09 1462880866.77 -12317.9998398 1805
41 usuario7 1462880878.91 1462880866.56 -12344.5000648 1506
41 usuario1 1462880878.94 1462880871.75 -7193.79997253 7163
41 usuario3 1462880878.9 1462880866.53 -12376.3000965 1491
41 usuario12 1462880878.66 1462880867.35 -11304.6000004 2413
41 usuario13 1462880878.94 1462880866.62 -12324.3000507 1447
41 usuario4 1462880878.66 1462880869.41 -9254.90021706 4934
42 usuario2 1462880888.02 1462880882.88 -5139.90020752 3368
42 usuario6 1462880887.9 1462880880.7 -7199.19991493 1280
42 usuario5 1462880887.51 1462880882.35 -5151.79991722 2622
42 usuario15 1462880887.68 1462880881.51 -6170.79997063 1327
42 usuario14 1462880887.44 1462880882.29 -5154.29997444 2387
42 usuario11 1462880887.61 1462880881.36 -6258.00013542 1373
42 usuario8 1462880887.63 1462880885.53 -2099.80010986 5407
42 usuario16 1462880887.88 1462880880.59 -7282.29999542 1130
42 usuario10 1462880888.23 1462880882.05 -6179.80003357 2400
42 usuario9 1462880887.82 1462880881.65 -6164.49999809 1513
42 usuario7 1462880887.47 1462880881.19 -6286.90004349 1237
42 usuario1 1462880887.89 1462880882.76 -5134.40012932 2767
42 usuario3 1462880887.3 1462880882.14 -5156.10003471 2189
42 usuario12 1462880887.77 1462880881.56 -6210.90006828 1853
42 usuario13 1462880887.75 1462880887.72 -22.2001075745 7732
42 usuario4 1462880888.01 1462880881.79 -6225.69990158 2075
43 usuario2 1462880897.89 1462880890.7 -7183.40015411 1638
43 usuario6 1462880897.65 1462880894.56 -3096.89998627 5600
43 usuario5 1462880898.05 1462880889.83 -8224.2000103 1275
43 usuario15 1462880897.53 1462880890.34 -7191.29991531 1616
43 usuario14 1462880898.09 1462880898.07 -21.8999385834 9576
43 usuario11 1462880897.42 1462880890.21 -7204.20002937 1506
43 usuario8 1462880897.52 1462880891.33 -6187.30020523 2650
43 usuario16 1462880897.87 1462880893.74 -4120.70012093 4819
43 usuario10 1462880897.7 1462880891.53 -6173.49982262 2250
43 usuario9 1462880897.99 1462880889.79 -8201.10011101 928
43 usuario7 1462880897.67 1462880890.42 -7256.79993629 1886
43 usuario1 1462880897.92 1462880890.73 -7182.99984932 1794
43 usuario3 1462880898.01 1462880889.78 -8225.19993782 1438
43 usuario12 1462880897.83 1462880890.63 -7199.4998455 1817
43 usuario13 1462880898.26 1462880896.18 -2084.00011063 7361
43 usuario4 1462880897.33 1462880893.19 -4139.29986954 4136
44 usuario2 1462880909.81 1462880900.58 -9232.59997368 1644
44 usuario6 1462880909.84 1462880907.71 -2136.19995117 9010
44 usuario5 1462880909.33 1462880901.1 -8228.70016098 2003
44 usuario15 1462880910.17 1462880899.91 -10265.4001713 1331
44 usuario14 1462880909.37 1462880901.16 -8213.70005608 1998
44 usuario11 1462880909.93 1462880899.66 -10267.8000927 1197
44 usuario8 1462880909.9 1462880907.81 -2090.20018578 9248
44 usuario16 1462880910.08 1462880900.83 -9243.90006065 1930
44 usuario10 1462880909.35 1462880900.1 -9254.1000843 1357
44 usuario9 1462880910.05 1462880899.8 -10251.3999939 768
44 usuario7 1462880909.57 1462880900.32 -9243.79992485 1606
44 usuario1 1462880910.06 1462880900.82 -9241.10007286 1861
44 usuario3 1462880909.61 1462880900.36 -9248.89993668 1310
44 usuario12 1462880909.94 1462880900.7 -9241.09983444 1827
44 usuario13 1462880909.69 1462880909.67 -21.6000080109 10334
44 usuario4 1462880909.72 1462880900.45 -9264.8999691 2077
45 usuario2 1462880922.42 1462880915.24 -7184.70001221 4383
45 usuario6 1462880922.43 1462880916.26 -6174.20005798 5366
45 usuario5 1462880922.93 1462880911.63 -11292.7999496 1266
45 usuario15 1462880923.22 1462880912.95 -10269.9999809 1734
45 usuario14 1462880923.34 1462880912.02 -11315.6998158 1605
45 usuario11 1462880923.34 1462880913.02 -10314.0997887 2051
45 usuario8 1462880922.81 1462880922.79 -23.6999988556 11837
45 usuario16 1462880923.16 1462880914.94 -8220.3001976 3825
45 usuario10 1462880922.78 1462880911.49 -11290.7998562 1091
45 usuario9 1462880923.24 1462880911.92 -11322.0000267 825
45 usuario7 1462880923.02 1462880911.73 -11296.599865 1118
45 usuario1 1462880922.51 1462880913.27 -9240.90003967 2165
45 usuario3 1462880922.86 1462880916.69 -6177.50000954 6028
45 usuario12 1462880922.49 1462880912.22 -10269.299984 1235
45 usuario13 1462880922.95 1462880912.69 -10267.5001621 1931
45 usuario4 1462880922.82 1462880912.53 -10286.2999439 1769
46 usuario2 1462880933.02 1462880925.83 -7190.70005417 2360
46 usuario6 1462880932.71 1462880926.53 -6179.70013618 3046
46 usuario5 1462880932.65 1462880927.5 -5149.89995956 3531
46 usuario15 1462880932.43 1462880925.2 -7225.39997101 925
46 usuario14 1462880933.04 1462880928.9 -4136.49988174 4515
46 usuario11 1462880933.29 1462880933.27 -22.7000713348 8850
46 usuario8 1462880932.7 1462880926.51 -6192.8999424 2630
46 usuario16 1462880932.87 1462880928.7 -4177.50000954 4483
46 usuario10 1462880932.99 1462880929.87 -3116.99986458 6038
46 usuario9 1462880933.32 1462880925.1 -8218.89996529 808
46 usuario7 1462880933.28 1462880926.06 -7222.59998322 1986
46 usuario1 1462880933.25 1462880928.1 -5153.39994431 4540
46 usuario3 1462880933.33 1462880925.11 -8224.0998745 1191
46 usuario12 1462880932.96 1462880924.74 -8224.69997406 1200
46 usuario13 1462880933.28 1462880930.17 -3109.49993134 6167
46 usuario4 1462880932.44 1462880926.22 -6213.59992027 2358
47 usuario2 1462880952.98 1462880937.6 -15377.7000904 3528
47 usuario6 1462880952.7 1462880937.25 -15443.5999393 3501
47 usuario5 1462880952.95 1462880934.47 -18474.6999741 766
47 usuario15 1462880953.32 1462880934.85 -18468.4000015 1380
47 usuario14 1462880952.67 1462880936.25 -16419.1999435 2169
47 usuario11 1462880952.92 1462880935.47 -17442.3000813 1121
47 usuario8 1462880952.47 1462880952.45 -21.0001468658 18674
47 usuario16 1462880952.6 1462880938.24 -14364.8998737 4321
47 usuario10 1462880952.68 1462880935.21 -17467.4999714 1178
47 usuario9 1462880953.35 1462880936.93 -16424.9000549 2568
47 usuario7 1462880952.82 1462880935.38 -17441.5001869 1052
47 usuario1 1462880952.73 1462880941.4 -11327.4998665 7091
47 usuario3 1462880952.76 1462880935.3 -17450.9999752 927
47 usuario12 1462880953.32 1462880936.91 -16416.1000252 2896
47 usuario13 1462880953.33 1462880936.91 -16419.6999073 2585
47 usuario4 1462880952.48 1462880936.06 -16424.0999222 2570
48 usuario2 1462880982.17 1462880956.56 -25607.3000431 2532
48 usuario6 1462880981.5 1462880964.06 -17437.100172 10312
48 usuario5 1462880981.97 1462880955.33 -26642.0998573 1333
48 usuario15 1462880982.22 1462880955.55 -26662.6999378 1186
48 usuario14 1462880982.11 1462880982.08 -24.799823761 28351
48 usuario11 1462880981.78 1462880955.08 -26698.800087 1122
48 usuario8 1462880981.92 1462880955.28 -26644.5000172 1737
48 usuario16 1462880982.29 1462880957.71 -24583.0001831 4065
48 usuario10 1462880981.52 1462880954.76 -26751.8000603 1034
48 usuario9 1462880982.45 1462880954.8 -27645.3001499 400
48 usuario7 1462880982.47 1462880955.77 -26694.7999001 1911
48 usuario1 1462880982.19 1462880955.56 -26637.2001171 1781
48 usuario3 1462880981.82 1462880955.14 -26672.9998589 1343
48 usuario12 1462880981.98 1462880956.37 -25607.9001427 1998
48 usuario13 1462880982.35 1462880961.82 -20528.7001133 7442
48 usuario4 1462880981.84 1462880955.18 -26669.3999767 1646
49 usuario2 1462880991.57 1462880986.42 -5144.90008354 3213
49 usuario6 1462880992.46 1462880984.21 -8242.70009995 1667
49 usuario5 1462880992.51 1462880986.34 -6169.6999073 3324
49 usuario15 1462880992.39 1462880984.17 -8221.60005569 904
49 usuario14 1462880992.44 1462880989.33 -3110.19992828 6155
49 usuario11 1462880992.41 1462880984.18 -8223.79994392 1359
49 usuario8 1462880992.42 1462880985.22 -7201.69997215 2256
49 usuario16 1462880992.16 1462880985.97 -6190.70005417 2624
49 usuario10 1462880992.45 1462880985.24 -7210.50000191 2666
49 usuario9 1462880992.18 1462880983.97 -8210.09993553 482
49 usuario7 1462880991.78 1462880991.75 -21.399974823 8209
49 usuario1 1462880991.57 1462880986.43 -5138.50021362 3190
49 usuario3 1462880991.81 1462880985.63 -6178.20000648 2768
49 usuario12 1462880992.21 1462880989.11 -3105.70001602 6083
49 usuario13 1462880991.79 1462880984.59 -7198.10009003 1188
49 usuario4 1462880991.65 1462880984.44 -7207.99994469 1545
50 usuario2 1462880992.59 1462880995.28 2689.70012665 2666
50 usuario6 1462880993.48 1462880996.92 3446.79999352 3426
50 usuario5 1462880993.53 1462880995.15 1614.70007896 1593
50 usuario15 1462880993.41 1462880994.81 1402.89998055 1379
50 usuario14 1462880993.46 1462880995.57 2102.40006447 2076
50 usuario11 1462880993.43 1462880994.43 1002.89988518 976
50 usuario8 1462880993.44 1462880995.93 2490.20004272 2464
50 usuario16 1462880993.18 1462880999.64 6463.70005608 6412
50 usuario10 1462880993.47 1462880995.04 1564.49985504 1539
50 usuario9 1462880993.2 1462880994.22 1022.00007439 999
50 usuario7 1462880992.82 1462881015.91 23093.3001041 23066
50 usuario1 1462880992.59 1462880996.14 3544.90017891 3519
50 usuario3 1462880992.83 1462880995.92 3091.50004387 3069
50 usuario12 1462880993.23 1462880996.42 3183.30001831 3159
50 usuario13 1462880992.81 1462880993.5 691.200017929 670
50 usuario4 1462880992.67 1462880994.32 1648.09989929 1628
