round user time_start time_end time_php time_js
1 usuario10 1462969079.31 1462969070.87 -8439.89992142 6909
1 usuario8 1462969079.89 1462969079.86 -30.5998325348 15659
1 usuario16 1462969079.9 1462969068.51 -11381.9000721 5203
1 usuario5 1462969080.03 1462969076.84 -3189.30006027 13423
1 usuario2 1462969079.98 1462969077.88 -2091.30001068 14658
1 usuario13 1462969079.59 1462969077.49 -2094.00010109 13329
1 usuario9 1462969079.32 1462969070.0 -9319.29993629 5945
1 usuario15 1462969079.56 1462969067.18 -12381.7999363 3477
1 usuario12 1462969079.99 1462969071.73 -8255.29980659 8314
1 usuario3 1462969079.74 1462969071.44 -8301.5999794 7565
1 usuario7 1462969079.97 1462969069.63 -10341.5000439 6154
1 usuario4 1462969079.26 1462969072.03 -7231.89997673 8683
1 usuario11 1462969080.12 1462969071.85 -8274.99985695 8140
1 usuario6 1462969079.47 1462969069.14 -10329.2000294 5206
1 usuario14 1462969079.27 1462969079.24 -26.2999534607 15140
1 usuario1 1462969079.42 1462969070.11 -9310.80007553 6525
2 usuario10 1462969100.24 1462969085.44 -14800.5001545 5014
2 usuario8 1462969100.48 1462969091.09 -9383.50009918 10130
2 usuario16 1462969100.88 1462969100.84 -32.5000286102 19883
2 usuario5 1462969100.62 1462969094.29 -6331.69984818 13135
2 usuario2 1462969100.32 1462969094.06 -6263.20004463 13023
2 usuario13 1462969100.25 1462969086.81 -13438.3997917 6162
2 usuario9 1462969101.19 1462969094.97 -6227.09989548 14583
2 usuario15 1462969100.19 1462969087.71 -12479.7999859 7056
2 usuario12 1462969100.83 1462969088.36 -12469.4001675 7310
2 usuario3 1462969100.82 1462969086.33 -14487.4000549 5525
2 usuario7 1462969101.12 1462969087.66 -13459.3000412 6620
2 usuario4 1462969100.84 1462969088.41 -12424.4000912 8094
2 usuario11 1462969100.85 1462969085.33 -15521.999836 4151
2 usuario6 1462969100.68 1462969085.19 -15482.1999073 4668
2 usuario14 1462969100.72 1462969091.36 -9358.29997063 11020
2 usuario1 1462969100.81 1462969089.39 -11419.200182 8843
3 usuario10 1462969125.57 1462969105.45 -20112.2999191 4142
3 usuario8 1462969126.05 1462969122.9 -3143.40019226 21359
3 usuario16 1462969125.99 1462969112.58 -13413.8000011 10617
3 usuario5 1462969126.25 1462969110.41 -15843.5001373 8656
3 usuario2 1462969125.9 1462969114.54 -11356.9998741 13149
3 usuario13 1462969126.2 1462969115.85 -10352.2000313 14536
3 usuario9 1462969126.11 1462969126.08 -30.2000045776 23823
3 usuario15 1462969125.83 1462969104.09 -21748.1000423 2772
3 usuario12 1462969126.09 1462969107.47 -18617.5999641 5577
3 usuario3 1462969125.54 1462969112.12 -13419.3999767 10238
3 usuario7 1462969126.0 1462969106.41 -19589.799881 4232
3 usuario4 1462969125.87 1462969106.27 -19600.2001762 4370
3 usuario11 1462969125.3 1462969104.69 -20614.3000126 2779
3 usuario6 1462969126.06 1462969104.43 -21637.0000839 2690
3 usuario14 1462969126.02 1462969108.35 -17670.5999374 6571
3 usuario1 1462969125.47 1462969104.84 -20629.8999786 2972
4 usuario10 1462969150.95 1462969144.59 -6355.70001602 17936
4 usuario8 1462969150.73 1462969136.29 -14440.9999847 9163
4 usuario16 1462969151.13 1462969133.59 -17544.6999073 6531
4 usuario5 1462969150.96 1462969144.63 -6325.29997826 17280
4 usuario2 1462969150.41 1462969133.91 -16495.6998825 6958
4 usuario13 1462969150.62 1462969146.45 -4168.90001297 19182
4 usuario9 1462969150.87 1462969136.41 -14458.4000111 9221
4 usuario15 1462969151.16 1462969129.41 -21745.2998161 2523
4 usuario12 1462969151.18 1462969151.14 -40.7001972198 23992
4 usuario3 1462969150.39 1462969131.84 -18552.2999763 5243
4 usuario7 1462969150.83 1462969130.2 -20627.600193 3140
4 usuario4 1462969150.81 1462969129.14 -21670.5000401 2213
4 usuario11 1462969150.41 1462969128.76 -21645.6000805 2400
4 usuario6 1462969151.3 1462969129.66 -21633.8999271 2535
4 usuario14 1462969151.11 1462969140.75 -10355.4999828 13668
4 usuario1 1462969150.96 1462969129.22 -21746.1998463 2690
5 usuario10 1462969172.55 1462969161.92 -10626.8000603 9877
5 usuario8 1462969173.15 1462969161.78 -11370.3000546 9986
5 usuario16 1462969173.3 1462969157.8 -15497.4999428 5611
5 usuario5 1462969172.46 1462969166.11 -6355.39984703 14045
5 usuario2 1462969172.79 1462969160.39 -12400.9001255 8921
5 usuario13 1462969173.2 1462969173.15 -41.5000915527 21475
5 usuario9 1462969172.81 1462969163.52 -9294.79980469 11584
5 usuario15 1462969173.37 1462969156.79 -16584.100008 4568
5 usuario12 1462969172.75 1462969158.2 -14546.7998981 5924
5 usuario3 1462969172.51 1462969154.96 -17542.9999828 3514
5 usuario7 1462969172.41 1462969157.95 -14463.0000591 6057
5 usuario4 1462969172.41 1462969160.01 -12399.9998569 8137
5 usuario11 1462969173.3 1462969154.69 -18601.9999981 3230
5 usuario6 1462969172.86 1462969154.29 -18569.7000027 1931
5 usuario14 1462969173.15 1462969160.71 -12440.9999847 8543
5 usuario1 1462969173.03 1462969155.5 -17535.0999832 3480
6 usuario10 1462969192.04 1462969190.93 -1110.19992828 17290
6 usuario8 1462969191.91 1462969183.64 -8269.99998093 9417
6 usuario16 1462969191.73 1462969191.7 -36.4999771118 17335
6 usuario5 1462969192.32 1462969189.1 -3215.10004997 15533
6 usuario2 1462969192.34 1462969178.9 -13445.9998608 5047
6 usuario13 1462969192.2 1462969183.9 -8295.09997368 9626
6 usuario9 1462969192.38 1462969178.93 -13449.7001171 5055
6 usuario15 1462969191.82 1462969176.3 -15518.0001259 1873
6 usuario12 1462969192.28 1462969178.84 -13443.0999756 2927
6 usuario3 1462969191.47 1462969178.06 -13412.4000072 4492
6 usuario7 1462969192.26 1462969177.81 -14446.6998577 4339
6 usuario4 1462969191.45 1462969185.22 -6232.59997368 11749
6 usuario11 1462969192.3 1462969177.85 -14447.799921 3436
6 usuario6 1462969192.09 1462969175.58 -16515.1998997 1658
6 usuario14 1462969192.15 1462969181.8 -10350.6000042 7592
6 usuario1 1462969191.46 1462969178.04 -13423.3999252 3947
7 usuario10 1462969214.97 1462969199.08 -15888.999939 5949
7 usuario8 1462969214.82 1462969196.26 -18566.9000149 3293
7 usuario16 1462969214.67 1462969199.21 -15458.8999748 6393
7 usuario5 1462969214.58 1462969211.36 -3221.19998932 17958
7 usuario2 1462969214.54 1462969197.01 -17533.0998898 3540
7 usuario13 1462969215.08 1462969211.94 -3144.59991455 18679
7 usuario9 1462969214.64 1462969203.36 -11279.0999413 9917
7 usuario15 1462969215.29 1462969194.69 -20597.5000858 1808
7 usuario12 1462969215.5 1462969215.46 -32.7999591827 22112
7 usuario3 1462969215.22 1462969195.61 -19605.1001549 3079
7 usuario7 1462969214.5 1462969195.94 -18558.4998131 2626
7 usuario4 1462969214.96 1462969195.35 -19613.8000488 2840
7 usuario11 1462969215.44 1462969195.84 -19596.8000889 2473
7 usuario6 1462969214.97 1462969195.27 -19701.2000084 2119
7 usuario14 1462969214.58 1462969198.97 -15617.1000004 5740
7 usuario1 1462969215.23 1462969195.64 -19591.5999413 3113
8 usuario10 1462969234.03 1462969219.3 -14724.2000103 3245
8 usuario8 1462969233.93 1462969224.61 -9312.5 8729
8 usuario16 1462969234.0 1462969221.61 -12386.6000175 5883
8 usuario5 1462969233.69 1462969233.64 -53.5998344421 17961
8 usuario2 1462969233.92 1462969220.47 -13454.100132 4874
8 usuario13 1462969234.49 1462969221.05 -13442.1999454 4918
8 usuario9 1462969234.15 1462969224.84 -9310.49990654 9138
8 usuario15 1462969233.79 1462969218.32 -15478.3000946 1968
8 usuario12 1462969233.7 1462969233.67 -26.4000892639 17086
8 usuario3 1462969234.48 1462969220.03 -14449.2001534 3746
8 usuario7 1462969234.29 1462969219.91 -14381.9000721 4354
8 usuario4 1462969234.53 1462969221.12 -13409.6999168 5098
8 usuario11 1462969233.69 1462969219.24 -14453.3998966 2743
8 usuario6 1462969233.96 1462969220.52 -13439.800024 4488
8 usuario14 1462969234.27 1462969224.87 -9402.1999836 9166
8 usuario1 1462969233.6 1462969220.18 -13422.1000671 3882
9 usuario10 1462969244.73 1462969240.45 -4277.69994736 5297
9 usuario8 1462969245.11 1462969238.89 -6223.89984131 3893
9 usuario16 1462969245.25 1462969238.01 -7243.49999428 2954
9 usuario5 1462969245.19 1462969245.13 -58.4001541138 10340
9 usuario2 1462969245.37 1462969240.18 -5187.30020523 5169
9 usuario13 1462969244.7 1462969240.54 -4163.1000042 4983
9 usuario9 1462969244.97 1462969239.78 -5193.70007515 4567
9 usuario15 1462969245.31 1462969237.02 -8293.10011864 2164
9 usuario12 1462969244.87 1462969243.77 -1108.29997063 8980
9 usuario3 1462969245.52 1462969241.35 -4171.60010338 5807
9 usuario7 1462969245.44 1462969237.14 -8308.30001831 1786
9 usuario4 1462969245.25 1462969243.13 -2112.10012436 7542
9 usuario11 1462969244.75 1462969236.47 -8280.40003777 1715
9 usuario6 1462969244.61 1462969238.38 -6230.49998283 3365
9 usuario14 1462969245.56 1462969245.5 -52.7000427246 10078
9 usuario1 1462969245.55 1462969239.3 -6242.30003357 4645
10 usuario10 1462969264.98 1462969250.2 -14782.0000648 4385
10 usuario8 1462969265.15 1462969250.64 -14511.6000175 4472
10 usuario16 1462969265.34 1462969264.26 -1078.70006561 17943
10 usuario5 1462969264.59 1462969258.28 -6310.19997597 11985
10 usuario2 1462969265.37 1462969249.87 -15499.4001389 3451
10 usuario13 1462969265.03 1462969257.79 -7238.29984665 12028
10 usuario9 1462969265.49 1462969255.16 -10329.5998573 9135
10 usuario15 1462969265.62 1462969249.11 -16510.4999542 2734
10 usuario12 1462969265.0 1462969257.75 -7249.59993362 11807
10 usuario3 1462969264.71 1462969250.27 -14440.7999516 3691
10 usuario7 1462969265.13 1462969248.46 -16677.1001816 1953
10 usuario4 1462969265.17 1462969249.69 -15482.6998711 3389
10 usuario11 1462969265.33 1462969247.8 -17530.6999683 1999
10 usuario6 1462969264.89 1462969248.39 -16500.4000664 2717
10 usuario14 1462969265.48 1462969265.44 -48.2001304626 18779
10 usuario1 1462969265.57 1462969251.09 -14478.6999226 4487
11 usuario10 1462969280.91 1462969270.36 -10548.0999947 4284
11 usuario8 1462969281.6 1462969270.24 -11360.3000641 4022
11 usuario16 1462969281.12 1462969273.87 -7245.09978294 7478
11 usuario5 1462969280.84 1462969274.5 -6341.00008011 7759
11 usuario2 1462969281.36 1462969271.03 -10332.1998119 4570
11 usuario13 1462969281.02 1462969269.66 -11355.9999466 3575
11 usuario9 1462969280.93 1462969269.55 -11375.9000301 3001
11 usuario15 1462969280.69 1462969269.31 -11374.600172 2640
11 usuario12 1462969281.38 1462969281.35 -32.5999259949 15294
11 usuario3 1462969281.49 1462969278.35 -3142.40002632 12574
11 usuario7 1462969281.17 1462969267.75 -13420.2001095 1565
11 usuario4 1462969281.56 1462969276.37 -5184.10015106 10136
11 usuario11 1462969280.88 1462969273.64 -7241.90020561 7211
11 usuario6 1462969280.86 1462969268.46 -12406.3999653 2515
11 usuario14 1462969280.86 1462969269.27 -11592.9999352 2690
11 usuario1 1462969281.36 1462969268.96 -12400.3999233 2315
12 usuario10 1462969301.39 1462969287.68 -13714.799881 5670
12 usuario8 1462969301.18 1462969292.89 -8286.5998745 10236
12 usuario16 1462969301.14 1462969296.98 -4154.19983864 14813
12 usuario5 1462969301.61 1462969301.55 -55.0999641418 19608
12 usuario2 1462969301.21 1462969289.78 -11427.6998043 7360
12 usuario13 1462969301.21 1462969284.59 -16615.4999733 2514
12 usuario9 1462969301.29 1462969289.92 -11368.0999279 7929
12 usuario15 1462969301.46 1462969283.93 -17532.9999924 2178
12 usuario12 1462969301.4 1462969286.94 -14457.0000172 4471
12 usuario3 1462969301.73 1462969286.25 -15478.1000614 3702
12 usuario7 1462969301.32 1462969286.87 -14450.3002167 4638
12 usuario4 1462969301.4 1462969286.96 -14440.2999878 4351
12 usuario11 1462969301.56 1462969288.15 -13410.599947 6212
12 usuario6 1462969301.24 1462969288.87 -12372.2999096 6939
12 usuario14 1462969301.37 1462969288.68 -12692.6000118 6726
12 usuario1 1462969301.71 1462969285.18 -16529.4001102 2763
13 usuario10 1462969325.89 1462969323.77 -2116.99986458 21273
13 usuario8 1462969326.78 1462969310.5 -16284.3000889 8255
13 usuario16 1462969326.67 1462969310.02 -16659.6000195 7810
13 usuario5 1462969326.29 1462969326.25 -41.8999195099 23509
13 usuario2 1462969326.44 1462969308.91 -17531.3000679 6649
13 usuario13 1462969326.75 1462969305.09 -21657.9999924 2832
13 usuario9 1462969326.75 1462969307.15 -19592.8997993 4799
13 usuario15 1462969326.47 1462969304.84 -21629.1999817 2322
13 usuario12 1462969325.87 1462969309.37 -16490.9000397 6920
13 usuario3 1462969326.22 1462969305.55 -20667.1001911 2744
13 usuario7 1462969325.99 1462969303.29 -22703.8998604 914
13 usuario4 1462969325.92 1462969307.33 -18594.0001011 4872
13 usuario11 1462969326.02 1462969304.35 -21672.2998619 1737
13 usuario6 1462969325.88 1462969305.27 -20614.700079 2970
13 usuario14 1462969326.2 1462969313.52 -12678.9999008 11052
13 usuario1 1462969326.42 1462969306.82 -19591.7999744 4051
14 usuario10 1462969349.7 1462969349.64 -50.8000850677 22634
14 usuario8 1462969349.11 1462969335.7 -13411.2999439 7854
14 usuario16 1462969349.08 1462969340.82 -8267.29989052 13084
14 usuario5 1462969349.46 1462969342.05 -7406.70013428 14672
14 usuario2 1462969349.19 1462969330.65 -18545.6998348 3119
14 usuario13 1462969349.7 1462969330.06 -19640.1000023 2250
14 usuario9 1462969348.84 1462969343.64 -5199.9001503 15828
14 usuario15 1462969348.94 1462969330.38 -18556.9000244 2848
14 usuario12 1462969349.21 1462969337.85 -11355.0000191 10925
14 usuario3 1462969348.88 1462969329.18 -19698.8999844 1907
14 usuario7 1462969349.7 1462969328.05 -21654.9999714 995
14 usuario4 1462969349.22 1462969329.65 -19571.3000298 2663
14 usuario11 1462969349.79 1462969330.15 -19631.6001415 3070
14 usuario6 1462969349.23 1462969330.68 -18545.5999374 3745
14 usuario14 1462969349.47 1462969333.59 -15879.4000149 6313
14 usuario1 1462969348.99 1462969330.42 -18565.5999184 2950
15 usuario10 1462969384.62 1462969352.84 -31774.1999626 2047
15 usuario8 1462969384.62 1462969370.18 -14434.6001148 20011
15 usuario16 1462969384.51 1462969384.49 -26.3998508453 34309
15 usuario5 1462969383.86 1462969367.0 -16860.3999615 16403
15 usuario2 1462969384.32 1462969352.31 -32010.7998848 2056
15 usuario13 1462969384.67 1462969353.65 -31014.7998333 2893
15 usuario9 1462969384.82 1462969352.74 -32073.1999874 2855
15 usuario15 1462969384.28 1462969351.33 -32946.3000298 1336
15 usuario12 1462969384.75 1462969361.05 -23705.2998543 10776
15 usuario3 1462969384.07 1462969352.14 -31930.5000305 2201
15 usuario7 1462969384.23 1462969352.32 -31916.9001579 1559
15 usuario4 1462969384.63 1462969354.76 -29862.8001213 4485
15 usuario11 1462969384.63 1462969354.62 -30007.5998306 3774
15 usuario6 1462969384.16 1462969355.31 -28844.0999985 5021
15 usuario14 1462969384.15 1462969356.07 -28083.1000805 5491
15 usuario1 1462969384.82 1462969353.75 -31063.4000301 3702
16 usuario10 1462969413.26 1462969392.03 -21225.9001732 6280
16 usuario8 1462969413.44 1462969396.93 -16506.9999695 11250
16 usuario16 1462969413.1 1462969398.65 -14455.1999569 13045
16 usuario5 1462969413.14 1462969413.09 -51.6998767853 27055
16 usuario2 1462969413.22 1462969388.49 -24727.7998924 3114
16 usuario13 1462969413.77 1462969406.53 -7242.50006676 20777
16 usuario9 1462969413.7 1462969393.08 -20616.8000698 7180
16 usuario15 1462969413.68 1462969387.93 -25750.2999306 2592
16 usuario12 1462969413.13 1462969389.33 -23794.8999405 3526
16 usuario3 1462969412.99 1462969391.37 -21619.5001602 6204
16 usuario7 1462969413.39 1462969392.74 -20643.299818 7417
16 usuario4 1462969413.49 1462969399.06 -14427.4001122 13342
16 usuario11 1462969413.69 1462969388.95 -24740.4999733 3267
16 usuario6 1462969413.59 1462969388.87 -24717.7000046 3661
16 usuario14 1462969413.07 1462969389.76 -23312.2999668 4499
16 usuario1 1462969413.48 1462969395.94 -17539.7999287 10037
17 usuario10 1462969440.42 1462969420.38 -20037.4000072 6024
17 usuario8 1462969440.34 1462969434.12 -6215.69991112 19622
17 usuario16 1462969440.97 1462969422.41 -18557.8000546 8247
17 usuario5 1462969440.17 1462969440.12 -48.4998226166 25898
17 usuario2 1462969440.46 1462969417.77 -22683.5000515 3503
17 usuario13 1462969440.78 1462969420.17 -20604.5000553 5343
17 usuario9 1462969441.03 1462969426.58 -14445.2998638 11743
17 usuario15 1462969440.67 1462969416.97 -23699.6998787 2233
17 usuario12 1462969440.63 1462969428.25 -12382.8999996 14036
17 usuario3 1462969440.23 1462969417.51 -22723.1998444 3462
17 usuario7 1462969440.68 1462969415.92 -24757.6999664 1476
17 usuario4 1462969441.04 1462969427.62 -13419.8000431 13068
17 usuario11 1462969440.29 1462969423.73 -16567.499876 8972
17 usuario6 1462969440.52 1462969420.91 -19606.7998409 6212
17 usuario14 1462969440.73 1462969417.54 -23187.5998974 3371
17 usuario1 1462969440.46 1462969417.78 -22675.6000519 3243
18 usuario10 1462969452.15 1462969443.71 -8438.69996071 2171
18 usuario8 1462969452.62 1462969445.37 -7254.99987602 3973
18 usuario16 1462969452.05 1462969450.96 -1086.69996262 8931
18 usuario5 1462969452.48 1462969450.36 -2122.99990654 9095
18 usuario2 1462969452.76 1462969444.48 -8277.1999836 2963
18 usuario13 1462969452.61 1462969451.53 -1078.00006866 9697
18 usuario9 1462969452.15 1462969450.04 -2105.99994659 7955
18 usuario15 1462969452.48 1462969444.17 -8311.49983406 2442
18 usuario12 1462969452.81 1462969444.53 -8275.9001255 2844
18 usuario3 1462969452.93 1462969443.61 -9319.99993324 2324
18 usuario7 1462969453.02 1462969452.98 -31.1999320984 11243
18 usuario4 1462969452.42 1462969452.38 -33.9000225067 10284
18 usuario11 1462969452.4 1462969445.15 -7251.29985809 3796
18 usuario6 1462969452.75 1462969444.44 -8310.80007553 2866
18 usuario14 1462969452.43 1462969448.14 -4287.89997101 6277
18 usuario1 1462969452.08 1462969444.82 -7257.20000267 3305
19 usuario10 1462969476.69 1462969456.63 -20056.7998886 3376
19 usuario8 1462969476.87 1462969476.84 -28.3999443054 23126
19 usuario16 1462969476.77 1462969463.35 -13425.0001907 9203
19 usuario5 1462969476.3 1462969466.77 -9528.50008011 13210
19 usuario2 1462969477.0 1462969456.39 -20603.5001278 2580
19 usuario13 1462969476.4 1462969455.78 -20616.9998646 2109
19 usuario9 1462969476.47 1462969456.84 -19631.9000721 3633
19 usuario15 1462969476.69 1462969456.05 -20640.3999329 2511
19 usuario12 1462969476.82 1462969460.32 -16504.4999123 6453
19 usuario3 1462969476.71 1462969456.11 -20598.1998444 2044
19 usuario7 1462969476.92 1462969460.43 -16485.3000641 6335
19 usuario4 1462969477.03 1462969460.51 -16517.2998905 7007
19 usuario11 1462969476.43 1462969457.89 -18540.899992 4438
19 usuario6 1462969476.68 1462969458.1 -18576.499939 4287
19 usuario14 1462969477.03 1462969461.21 -15825.2999783 7682
19 usuario1 1462969476.58 1462969455.97 -20609.2000008 2832
20 usuario10 1462969507.4 1462969483.14 -24265.599966 5334
20 usuario8 1462969507.82 1462969490.29 -17532.200098 12338
20 usuario16 1462969507.32 1462969487.65 -19664.2999649 9817
20 usuario5 1462969507.82 1462969507.77 -52.5999069214 30359
20 usuario2 1462969507.38 1462969480.58 -26797.3999977 2531
20 usuario13 1462969507.31 1462969481.49 -25816.7002201 4029
20 usuario9 1462969507.34 1462969484.68 -22664.7999287 7140
20 usuario15 1462969508.04 1462969481.22 -26825.6001472 3471
20 usuario12 1462969507.27 1462969482.48 -24790.899992 4594
20 usuario3 1462969507.76 1462969480.98 -26787.1000767 3208
20 usuario7 1462969507.19 1462969482.29 -24895.3998089 4318
20 usuario4 1462969507.8 1462969489.24 -18564.8999214 11147
20 usuario11 1462969508.01 1462969480.2 -27814.9001598 2704
20 usuario6 1462969507.81 1462969479.91 -27901.2999535 2180
20 usuario14 1462969508.08 1462969491.17 -16905.1001072 13053
20 usuario1 1462969507.31 1462969483.6 -23707.4000835 5957
21 usuario10 1462969531.16 1462969514.25 -16909.1999531 5759
21 usuario8 1462969531.04 1462969520.71 -10322.4000931 11827
21 usuario16 1462969530.97 1462969530.93 -37.1999740601 22556
21 usuario5 1462969530.46 1462969521.96 -8501.29985809 13034
21 usuario2 1462969531.18 1462969510.54 -20642.3001289 2106
21 usuario13 1462969530.89 1462969517.49 -13404.7999382 9056
21 usuario9 1462969530.47 1462969511.81 -18657.9999924 3411
21 usuario15 1462969530.32 1462969513.78 -16541.6002274 4676
21 usuario12 1462969530.89 1462969514.38 -16511.4998817 6043
21 usuario3 1462969530.77 1462969516.31 -14460.2000713 7436
21 usuario7 1462969531.15 1462969510.54 -20607.8000069 2299
21 usuario4 1462969531.2 1462969511.47 -19730.8998108 2603
21 usuario11 1462969530.27 1462969512.73 -17541.8999195 3661
21 usuario6 1462969531.22 1462969510.6 -20616.8999672 1729
21 usuario14 1462969530.53 1462969514.68 -15846.8999863 5446
21 usuario1 1462969530.66 1462969511.07 -19592.9999352 2696
22 usuario10 1462969551.41 1462969534.43 -16974.9000072 2171
22 usuario8 1462969551.65 1462969551.61 -31.5001010895 19506
22 usuario16 1462969551.75 1462969545.53 -6219.89989281 13477
22 usuario5 1462969551.9 1462969543.43 -8473.39987755 11851
22 usuario2 1462969551.71 1462969534.06 -17648.0000019 1820
22 usuario13 1462969552.08 1462969542.78 -9293.6000824 10835
22 usuario9 1462969551.33 1462969533.82 -17506.2000751 2296
22 usuario15 1462969551.48 1462969533.88 -17601.4001369 2509
22 usuario12 1462969552.2 1462969539.81 -12387.0000839 7869
22 usuario3 1462969551.42 1462969533.9 -17520.0998783 2076
22 usuario7 1462969551.3 1462969535.82 -15479.8998833 3608
22 usuario4 1462969551.62 1462969537.19 -14430.0000668 4929
22 usuario11 1462969551.94 1462969533.24 -18703.499794 1913
22 usuario6 1462969552.25 1462969537.83 -14424.2999554 5551
22 usuario14 1462969551.76 1462969534.87 -16888.8998032 3273
22 usuario1 1462969551.93 1462969538.42 -13516.9999599 6697
23 usuario10 1462969570.85 1462969556.07 -14777.4000168 3568
23 usuario8 1462969571.28 1462969567.12 -4160.90011597 14392
23 usuario16 1462969570.55 1462969570.51 -35.5999469757 17708
23 usuario5 1462969571.04 1462969565.73 -5313.59982491 12743
23 usuario2 1462969570.53 1462969555.04 -15485.4998589 2271
23 usuario13 1462969571.07 1462969562.79 -8279.70004082 9636
23 usuario9 1462969570.95 1462969555.46 -15488.5001183 3053
23 usuario15 1462969571.31 1462969554.82 -16494.1999912 2277
23 usuario12 1462969571.05 1462969556.62 -14437.9999638 3359
23 usuario3 1462969570.32 1462969554.83 -15489.2001152 2355
23 usuario7 1462969570.93 1462969555.44 -15494.9998856 3080
23 usuario4 1462969571.25 1462969555.79 -15466.7000771 3112
23 usuario11 1462969570.4 1462969555.94 -14460.8001709 2935
23 usuario6 1462969570.52 1462969555.04 -15478.5001278 1733
23 usuario14 1462969570.48 1462969557.8 -12678.3998013 4946
23 usuario1 1462969571.24 1462969561.94 -9305.50003052 8946
24 usuario10 1462969602.02 1462969574.44 -27581.5000534 2486
24 usuario8 1462969602.01 1462969586.54 -15467.099905 14205
24 usuario16 1462969602.12 1462969602.1 -26.4000892639 30457
24 usuario5 1462969601.63 1462969585.81 -15828.2999992 13678
24 usuario2 1462969602.15 1462969573.23 -28923.0999947 1628
24 usuario13 1462969601.6 1462969579.99 -21610.9001637 7854
24 usuario9 1462969601.7 1462969574.87 -26835.5000019 2863
24 usuario15 1462969601.52 1462969574.64 -26880.1000118 2270
24 usuario12 1462969601.57 1462969577.9 -23673.5999584 5737
24 usuario3 1462969601.88 1462969574.04 -27843.4000015 2663
24 usuario7 1462969601.86 1462969577.14 -24720.0000286 5151
24 usuario4 1462969601.66 1462969583.12 -18545.4001427 10804
24 usuario11 1462969602.18 1462969574.38 -27802.2999763 2925
24 usuario6 1462969602.19 1462969573.36 -28838.7000561 1767
24 usuario14 1462969601.68 1462969576.28 -25399.1999626 4702
24 usuario1 1462969602.05 1462969574.24 -27808.5999489 1935
25 usuario10 1462969637.31 1462969606.7 -30613.3999825 3577
25 usuario8 1462969637.03 1462969611.09 -25938.6000633 8020
25 usuario16 1462969637.24 1462969637.2 -40.6000614166 33984
25 usuario5 1462969636.96 1462969619.97 -16992.2001362 17162
25 usuario2 1462969636.96 1462969606.0 -30955.1000595 2788
25 usuario13 1462969637.03 1462969604.04 -32980.4999828 1391
25 usuario9 1462969637.13 1462969606.14 -30991.4999008 3383
25 usuario15 1462969637.09 1462969605.13 -31956.7000866 2558
25 usuario12 1462969637.39 1462969610.57 -26815.7999516 7945
25 usuario3 1462969636.58 1462969605.66 -30915.4999256 2727
25 usuario7 1462969636.68 1462969607.83 -28848.7000465 4907
25 usuario4 1462969637.28 1462969604.22 -33053.3001423 1501
25 usuario11 1462969637.29 1462969607.34 -29952.2998333 4103
25 usuario6 1462969636.88 1462969604.92 -31964.2000198 1662
25 usuario14 1462969636.58 1462969610.19 -26392.8000927 7375
25 usuario1 1462969637.15 1462969606.2 -30949.4001865 3097
26 usuario10 1462969663.57 1462969640.33 -23248.5001087 1903
26 usuario8 1462969664.43 1462969660.27 -4159.79981422 22179
26 usuario16 1462969664.18 1462969640.45 -23735.9001637 2122
26 usuario5 1462969663.76 1462969663.7 -57.8000545502 25641
26 usuario2 1462969663.77 1462969640.02 -23756.000042 1991
26 usuario13 1462969663.86 1462969649.4 -14462.7997875 11245
26 usuario9 1462969664.03 1462969646.47 -17560.1000786 8274
26 usuario15 1462969663.73 1462969645.15 -18573.4000206 6978
26 usuario12 1462969663.88 1462969644.27 -19606.400013 5822
26 usuario3 1462969663.57 1462969641.9 -21669.3999767 4242
26 usuario7 1462969664.13 1462969641.24 -22891.4000988 3494
26 usuario4 1462969664.48 1462969640.71 -23766.9000626 2376
26 usuario11 1462969664.53 1462969641.83 -22696.7999935 3476
26 usuario6 1462969663.59 1462969639.78 -23815.500021 1842
26 usuario14 1462969664.53 1462969643.37 -21159.9998474 5692
26 usuario1 1462969663.93 1462969644.3 -19628.6997795 6086
27 usuario10 1462969675.45 1462969669.12 -6334.39993858 4439
27 usuario8 1462969675.1 1462969671.96 -3139.60003853 6478
27 usuario16 1462969675.08 1462969675.05 -33.6999893188 9798
27 usuario5 1462969674.77 1462969669.45 -5318.19987297 4610
27 usuario2 1462969675.56 1462969667.28 -8282.79995918 2449
27 usuario13 1462969675.15 1462969670.98 -4168.99991035 6035
27 usuario9 1462969674.6 1462969669.4 -5196.09999657 4310
27 usuario15 1462969674.83 1462969667.58 -7244.399786 2801
27 usuario12 1462969674.79 1462969673.7 -1085.89982986 8726
27 usuario3 1462969675.37 1462969667.04 -8322.29995728 2422
27 usuario7 1462969675.21 1462969668.97 -6242.10000038 3783
27 usuario4 1462969675.34 1462969669.12 -6220.70002556 3588
27 usuario11 1462969675.54 1462969668.29 -7249.59993362 2698
27 usuario6 1462969674.97 1462969666.69 -8276.29995346 2033
27 usuario14 1462969675.0 1462969671.83 -3163.69986534 6196
27 usuario1 1462969675.18 1462969671.01 -4172.4998951 6014
28 usuario10 1462969691.42 1462969681.89 -9529.99997139 5329
28 usuario8 1462969691.41 1462969682.06 -9352.69999504 5892
28 usuario16 1462969691.26 1462969682.96 -8298.40016365 6786
28 usuario5 1462969691.53 1462969687.27 -4263.90004158 11348
28 usuario2 1462969691.04 1462969678.63 -12415.500164 2017
28 usuario13 1462969691.13 1462969691.1 -33.499956131 14888
28 usuario9 1462969691.44 1462969679.07 -12372.1001148 3417
28 usuario15 1462969691.5 1462969678.03 -13471.6999531 2146
28 usuario12 1462969691.54 1462969681.21 -10324.5000839 5364
28 usuario3 1462969691.32 1462969678.91 -12413.3000374 2480
28 usuario7 1462969691.44 1462969678.01 -13435.2998734 1739
28 usuario4 1462969690.89 1462969678.5 -12393.599987 2097
28 usuario11 1462969691.21 1462969679.84 -11366.8000698 3251
28 usuario6 1462969691.53 1462969678.1 -13432.0001602 2066
28 usuario14 1462969690.88 1462969679.31 -11574.7001171 3205
28 usuario1 1462969690.88 1462969678.49 -12392.6999569 2243
29 usuario10 1462969704.47 1462969694.91 -9556.50019646 2386
29 usuario8 1462969703.87 1462969699.71 -4157.59992599 7235
29 usuario16 1462969703.9 1462969703.87 -31.9998264313 11489
29 usuario5 1462969704.16 1462969703.06 -1096.80008888 10398
29 usuario2 1462969704.04 1462969694.73 -9306.79988861 2604
29 usuario13 1462969704.28 1462969694.95 -9321.99978828 2748
29 usuario9 1462969704.03 1462969695.76 -8274.00016785 3249
29 usuario15 1462969703.94 1462969694.62 -9317.60001183 2063
29 usuario12 1462969704.31 1462969693.95 -10352.7998924 1357
29 usuario3 1462969703.82 1462969695.45 -8374.09996986 3040
29 usuario7 1462969704.06 1462969694.73 -9323.19998741 2234
29 usuario4 1462969704.39 1462969695.01 -9381.99996948 3060
29 usuario11 1462969704.63 1462969694.25 -10376.1999607 1954
29 usuario6 1462969703.97 1462969694.68 -9297.89996147 2088
29 usuario14 1462969704.65 1462969698.32 -6327.30007172 6330
29 usuario1 1462969704.51 1462969695.2 -9305.5999279 3266
30 usuario10 1462969718.94 1462969707.34 -11605.2999496 1772
30 usuario8 1462969718.9 1462969711.65 -7249.79996681 6720
30 usuario16 1462969719.6 1462969719.57 -32.9999923706 14573
30 usuario5 1462969719.63 1462969719.59 -43.4000492096 14307
30 usuario2 1462969718.77 1462969707.41 -11356.8999767 2298
30 usuario13 1462969719.47 1462969716.34 -3135.80012321 10983
30 usuario9 1462969719.48 1462969710.2 -9287.60004044 5078
30 usuario15 1462969719.54 1462969707.07 -12469.0999985 2075
30 usuario12 1462969718.92 1462969707.53 -11387.0000839 2169
30 usuario3 1462969718.96 1462969710.69 -8274.3999958 5774
30 usuario7 1462969719.27 1462969706.87 -12394.299984 1732
30 usuario4 1462969719.01 1462969709.71 -9300.29988289 4258
30 usuario11 1462969719.3 1462969712.04 -7262.09998131 6260
30 usuario6 1462969718.71 1462969708.37 -10337.100029 3337
30 usuario14 1462969718.62 1462969709.11 -9506.9000721 3360
30 usuario1 1462969719.56 1462969708.2 -11365.4000759 2631
31 usuario10 1462969734.75 1462969723.1 -11641.9999599 3012
31 usuario8 1462969735.05 1462969728.83 -6218.8000679 8864
31 usuario16 1462969735.02 1462969727.74 -7284.10005569 7047
31 usuario5 1462969735.43 1462969735.39 -39.8001670837 14648
31 usuario2 1462969735.2 1462969720.75 -14453.0000687 917
31 usuario13 1462969735.44 1462969732.3 -3137.79997826 11762
31 usuario9 1462969735.49 1462969728.24 -7246.60015106 7687
31 usuario15 1462969735.2 1462969723.83 -11376.6000271 3217
31 usuario12 1462969735.28 1462969724.82 -10458.1999779 4777
31 usuario3 1462969735.58 1462969723.19 -12392.0001984 3175
31 usuario7 1462969735.42 1462969725.09 -10334.6998692 4754
31 usuario4 1462969734.81 1462969721.31 -13501.3999939 1240
31 usuario11 1462969734.73 1462969722.31 -12410.7000828 1955
31 usuario6 1462969735.61 1462969722.19 -13420.4998016 2429
31 usuario14 1462969735.7 1462969721.95 -13747.399807 2216
31 usuario1 1462969734.81 1462969723.4 -11404.5000076 2779
32 usuario10 1462969749.75 1462969747.6 -2156.50010109 11718
32 usuario8 1462969750.16 1462969750.13 -31.6998958588 14021
32 usuario16 1462969749.94 1462969739.61 -10330.1000595 3510
32 usuario5 1462969750.74 1462969745.42 -5322.70002365 8872
32 usuario2 1462969749.8 1462969737.41 -12394.299984 1150
32 usuario13 1462969750.62 1462969742.35 -8265.99979401 5845
32 usuario9 1462969749.87 1462969740.57 -9295.69983482 4026
32 usuario15 1462969750.32 1462969740.99 -9326.20000839 4734
32 usuario12 1462969750.69 1462969741.39 -9296.79989815 5025
32 usuario3 1462969750.29 1462969740.96 -9331.40015602 4321
32 usuario7 1462969750.36 1462969744.14 -6219.60020065 7635
32 usuario4 1462969750.61 1462969737.18 -13420.3999043 1313
32 usuario11 1462969750.46 1462969739.08 -11378.2999516 3296
32 usuario6 1462969750.52 1462969738.11 -12417.2999859 1435
32 usuario14 1462969750.3 1462969740.78 -9519.59991455 3990
32 usuario1 1462969750.14 1462969738.65 -11483.7999344 2725
33 usuario10 1462969769.72 1462969752.8 -16919.1999435 1958
33 usuario8 1462969768.81 1462969762.6 -6212.39995956 11359
33 usuario16 1462969769.61 1462969759.26 -10347.39995 8250
33 usuario5 1462969769.63 1462969769.59 -34.8999500275 17741
33 usuario2 1462969769.65 1462969752.13 -17528.1999111 1266
33 usuario13 1462969769.47 1462969754.0 -15469.399929 2333
33 usuario9 1462969769.55 1462969754.09 -15461.1001015 3160
33 usuario15 1462969769.59 1462969754.12 -15469.700098 2743
33 usuario12 1462969769.38 1462969753.91 -15469.8998928 2160
33 usuario3 1462969769.79 1462969753.28 -16501.2998581 1932
33 usuario7 1462969768.86 1462969759.49 -9368.30019951 8073
33 usuario4 1462969769.34 1462969752.85 -16491.699934 1190
33 usuario11 1462969769.11 1462969755.69 -13417.899847 4180
33 usuario6 1462969769.6 1462969753.08 -16521.8000412 1501
33 usuario14 1462969768.85 1462969756.17 -12680.7999611 4775
33 usuario1 1462969769.3 1462969753.81 -15487.4000549 2619
34 usuario10 1462969782.26 1462969773.85 -8414.40010071 3040
34 usuario8 1462969782.08 1462969772.77 -9302.29997635 2909
34 usuario16 1462969781.85 1462969772.5 -9345.79992294 1838
34 usuario5 1462969782.75 1462969782.7 -50.6999492645 11985
34 usuario2 1462969782.77 1462969772.45 -10321.7999935 1734
34 usuario13 1462969782.59 1462969774.31 -8273.69999886 3779
34 usuario9 1462969782.61 1462969773.28 -9321.59996033 2682
34 usuario15 1462969782.18 1462969773.89 -8282.10020065 3249
34 usuario12 1462969782.77 1462969772.35 -10419.3999767 1916
34 usuario3 1462969782.28 1462969774.01 -8273.09989929 3161
34 usuario7 1462969781.84 1462969775.62 -6218.09983253 5709
34 usuario4 1462969782.18 1462969773.9 -8276.60012245 3492
34 usuario11 1462969782.23 1462969780.13 -2100.69990158 9958
34 usuario6 1462969782.7 1462969772.35 -10348.400116 1690
34 usuario14 1462969782.25 1462969775.89 -6356.80007935 5914
34 usuario1 1462969782.7 1462969772.34 -10361.4001274 1987
35 usuario10 1462969804.85 1462969784.83 -20020.4000473 1449
35 usuario8 1462969804.54 1462969794.22 -10315.7999516 11057
35 usuario16 1462969803.86 1462969797.64 -6217.99993515 14733
35 usuario5 1462969803.97 1462969803.94 -36.0999107361 20091
35 usuario2 1462969804.33 1462969785.76 -18572.7000237 1935
35 usuario13 1462969803.9 1462969788.44 -15464.6000862 4786
35 usuario9 1462969804.57 1462969788.07 -16498.5001087 4401
35 usuario15 1462969804.08 1462969791.71 -12369.6000576 8477
35 usuario12 1462969804.65 1462969786.11 -18539.8001671 2278
35 usuario3 1462969804.41 1462969790.99 -13417.3002243 7652
35 usuario7 1462969804.83 1462969784.12 -20717.2000408 1219
35 usuario4 1462969804.57 1462969794.25 -10321.7000961 10984
35 usuario11 1462969804.79 1462969786.24 -18546.200037 2961
35 usuario6 1462969804.41 1462969786.81 -17593.8000679 3052
35 usuario14 1462969804.09 1462969785.16 -18932.199955 1797
35 usuario1 1462969804.05 1462969789.63 -14423.500061 5833
36 usuario10 1462969821.87 1462969819.73 -2144.90008354 13771
36 usuario8 1462969822.88 1462969809.46 -13411.5998745 3866
36 usuario16 1462969822.15 1462969810.79 -11360.1000309 5874
36 usuario5 1462969821.99 1462969819.85 -2135.99991798 14764
36 usuario2 1462969822.47 1462969807.0 -15462.5999928 1612
36 usuario13 1462969822.81 1462969822.77 -32.1998596191 17822
36 usuario9 1462969822.2 1462969812.9 -9303.69997025 7262
36 usuario15 1462969821.92 1462969808.5 -13423.199892 3359
36 usuario12 1462969821.95 1462969807.5 -14449.3999481 1794
36 usuario3 1462969822.08 1462969807.61 -14470.3998566 2146
36 usuario7 1462969822.58 1462969808.12 -14454.100132 2234
36 usuario4 1462969822.18 1462969807.72 -14465.8999443 2096
36 usuario11 1462969822.9 1462969808.41 -14490.7000065 2568
36 usuario6 1462969822.6 1462969807.11 -15483.0999374 1652
36 usuario14 1462969822.34 1462969810.74 -11599.2000103 5538
36 usuario1 1462969822.41 1462969808.98 -13433.5000515 3875
37 usuario10 1462969840.87 1462969826.12 -14751.4998913 2112
37 usuario8 1462969840.3 1462969825.86 -14438.5001659 1930
37 usuario16 1462969840.54 1462969829.14 -11398.4999657 5904
37 usuario5 1462969840.86 1462969840.81 -53.2999038696 17720
37 usuario2 1462969840.24 1462969824.62 -15620.5000877 1097
37 usuario13 1462969840.76 1462969826.31 -14443.6998367 2422
37 usuario9 1462969840.5 1462969826.05 -14444.2999363 2794
37 usuario15 1462969840.88 1462969825.4 -15477.9000282 2426
37 usuario12 1462969840.95 1462969830.63 -10324.8999119 7607
37 usuario3 1462969840.08 1462969825.62 -14453.2999992 2492
37 usuario7 1462969840.92 1462969826.45 -14476.5000343 2806
37 usuario4 1462969840.53 1462969826.01 -14520.4999447 2767
37 usuario11 1462969840.68 1462969826.23 -14449.6998787 2267
37 usuario6 1462969840.17 1462969825.72 -14453.099966 2067
37 usuario14 1462969840.27 1462969832.87 -7395.59984207 9439
37 usuario1 1462969840.31 1462969825.8 -14507.600069 2331
38 usuario10 1462969856.38 1462969843.71 -12666.4998531 1752
38 usuario8 1462969856.84 1462969845.45 -11391.8001652 4090
38 usuario16 1462969856.25 1462969842.83 -13421.7000008 1229
38 usuario5 1462969841.92 1462969856.95 15026.7000198 14979
38 usuario2 1462969856.94 1462969842.5 -14440.9000874 1196
38 usuario13 1462969856.57 1462969844.1 -12471.1000919 2286
38 usuario9 1462969856.06 1462969849.85 -6210.20007133 8290
38 usuario15 1462969856.28 1462969844.92 -11356.5998077 2985
38 usuario12 1462969856.73 1462969845.28 -11450.4001141 3266
38 usuario3 1462969856.68 1462969847.35 -9332.00001717 6210
38 usuario7 1462969856.35 1462969849.1 -7244.40002441 7121
38 usuario4 1462969857.01 1462969843.53 -13478.9998531 1938
38 usuario11 1462969856.69 1462969849.44 -7252.19988823 7704
38 usuario6 1462969856.75 1462969843.33 -13415.3001308 2100
38 usuario14 1462969856.81 1462969845.21 -11601.9999981 3848
38 usuario1 1462969856.96 1462969846.63 -10327.6998997 5260
39 usuario10 1462969877.69 1462969858.62 -19065.2999878 1167
39 usuario8 1462969877.61 1462969877.58 -25.5999565125 19688
39 usuario16 1462969878.01 1462969862.45 -15557.2998524 5143
39 usuario5 1462969877.79 1462969871.4 -6392.40002632 13310
39 usuario2 1462969877.83 1462969860.25 -17586.1999989 2249
39 usuario13 1462969877.5 1462969858.95 -18547.8000641 1327
39 usuario9 1462969878.0 1462969861.5 -16498.1000423 4388
39 usuario15 1462969877.62 1462969873.46 -4164.00003433 16122
39 usuario12 1462969877.34 1462969859.82 -17516.4999962 2042
39 usuario3 1462969877.77 1462969861.28 -16488.3000851 3549
39 usuario7 1462969877.29 1462969860.78 -16511.9001865 3375
39 usuario4 1462969877.51 1462969859.96 -17543.2999134 1898
39 usuario11 1462969877.83 1462969860.29 -17540.8000946 2544
39 usuario6 1462969877.82 1462969859.27 -18554.899931 1455
39 usuario14 1462969877.66 1462969871.31 -6352.09989548 13382
39 usuario1 1462969877.51 1462969861.01 -16503.5998821 2991
40 usuario10 1462969895.85 1462969880.05 -15797.7001667 1264
40 usuario8 1462969895.73 1462969882.31 -13418.2999134 3622
40 usuario16 1462969895.18 1462969895.15 -26.5998840332 16085
40 usuario5 1462969896.05 1462969893.91 -2147.30000496 15026
40 usuario2 1462969895.19 1462969881.77 -13422.0998287 2875
40 usuario13 1462969895.48 1462969881.03 -14443.6001778 2477
40 usuario9 1462969895.58 1462969882.08 -13499.5999336 3016
40 usuario15 1462969895.77 1462969886.46 -9315.20009041 7778
40 usuario12 1462969895.99 1462969880.53 -15464.4999504 2128
40 usuario3 1462969896.07 1462969881.61 -14460.9000683 2782
40 usuario7 1462969895.4 1462969879.9 -15502.5999546 1535
40 usuario4 1462969895.89 1462969882.47 -13422.5001335 3902
40 usuario11 1462969895.19 1462969881.71 -13472.8000164 2817
40 usuario6 1462969895.94 1462969880.46 -15480.700016 1578
40 usuario14 1462969895.15 1462969885.61 -9542.00005531 6863
40 usuario1 1462969895.21 1462969881.8 -13407.9999924 3229
41 usuario10 1462969915.02 1462969898.06 -16958.4000111 1130
41 usuario8 1462969914.81 1462969908.59 -6215.80004692 11804
41 usuario16 1462969914.4 1462969900.97 -13435.8000755 4708
41 usuario5 1462969914.29 1462969914.26 -36.4999771118 17094
41 usuario2 1462969915.13 1462969898.58 -16549.9999523 2337
41 usuario13 1462969914.86 1462969906.59 -8269.70005035 10050
41 usuario9 1462969914.13 1462969898.66 -15465.5001163 2023
41 usuario15 1462969914.79 1462969905.5 -9294.49987411 8665
41 usuario12 1462969914.6 1462969898.05 -16551.8000126 997
41 usuario3 1462969914.64 1462969904.31 -10327.8999329 7175
41 usuario7 1462969914.92 1462969898.4 -16523.3001709 1939
41 usuario4 1462969914.83 1462969903.47 -11358.2999706 6518
41 usuario11 1462969915.07 1462969905.78 -9291.50009155 9519
41 usuario6 1462969914.3 1462969898.82 -15473.7000465 1823
41 usuario14 1462969914.45 1462969902.83 -11619.8999882 6593
41 usuario1 1462969914.34 1462969899.72 -14627.300024 3446
42 usuario10 1462969933.77 1462969917.75 -16020.8001137 1635
42 usuario8 1462969933.95 1462969919.49 -14453.8002014 3631
42 usuario16 1462969933.32 1462969926.06 -7251.69992447 10600
42 usuario5 1462969933.94 1462969933.89 -52.5000095367 18505
42 usuario2 1462969934.12 1462969917.62 -16502.2001266 1426
42 usuario13 1462969933.82 1462969921.42 -12395.2000141 5497
42 usuario9 1462969933.84 1462969924.52 -9326.40004158 8302
42 usuario15 1462969933.93 1462969918.47 -15462.6998901 2620
42 usuario12 1462969934.08 1462969918.5 -15580.3999901 2838
42 usuario3 1462969934.1 1462969917.5 -16602.6000977 1802
42 usuario7 1462969934.05 1462969919.59 -14452.8000355 3617
42 usuario4 1462969933.87 1462969922.5 -11372.1001148 6609
42 usuario11 1462969933.81 1462969921.41 -12398.900032 5288
42 usuario6 1462969933.31 1462969919.9 -13411.7999077 4543
42 usuario14 1462969933.22 1462969925.83 -7390.30003548 10256
42 usuario1 1462969933.57 1462969920.12 -13447.8001595 4725
43 usuario10 1462969954.77 1462969936.81 -17962.1999264 1913
43 usuario8 1462969955.19 1462969939.71 -15477.699995 4704
43 usuario16 1462969954.66 1462969938.14 -16515.1998997 3769
43 usuario5 1462969954.42 1462969954.36 -50.8999824524 19321
43 usuario2 1462969954.29 1462969937.81 -16486.2000942 2630
43 usuario13 1462969955.11 1462969948.89 -6215.89994431 14014
43 usuario9 1462969954.3 1462969938.81 -15488.2001877 3913
43 usuario15 1462969955.07 1462969942.69 -12381.000042 7697
43 usuario12 1462969954.88 1462969936.34 -18545.6001759 1201
43 usuario3 1462969954.36 1462969937.7 -16654.1998386 2551
43 usuario7 1462969955.19 1462969936.64 -18549.1998196 1539
43 usuario4 1462969954.4 1462969936.79 -17614.5999432 1858
43 usuario11 1462969954.65 1462969937.13 -17527.8000832 2258
43 usuario6 1462969954.37 1462969936.78 -17590.10005 2418
43 usuario14 1462969954.57 1462969945.04 -9529.40011024 10740
43 usuario1 1462969954.61 1462969945.31 -9301.30004883 10678
44 usuario10 1462969965.37 1462969965.32 -46.2999343872 9373
44 usuario8 1462969965.32 1462969959.1 -6226.00007057 2844
44 usuario16 1462969965.79 1462969957.51 -8276.30019188 1792
44 usuario5 1462969965.63 1462969963.49 -2143.70012283 7955
44 usuario2 1462969965.81 1462969958.56 -7253.70001793 3207
44 usuario13 1462969965.31 1462969961.14 -4170.30000687 4971
44 usuario9 1462969965.43 1462969958.15 -7276.20005608 2786
44 usuario15 1462969965.32 1462969961.16 -4159.30008888 5007
44 usuario12 1462969965.4 1462969958.11 -7284.19995308 2171
44 usuario3 1462969966.24 1462969957.93 -8307.29985237 2512
44 usuario7 1462969965.79 1462969958.54 -7255.49983978 2278
44 usuario4 1462969965.32 1462969958.04 -7278.90014648 2583
44 usuario11 1462969965.45 1462969958.2 -7245.59998512 2491
44 usuario6 1462969965.84 1462969957.56 -8277.29988098 2070
44 usuario14 1462969965.33 1462969958.95 -6386.39998436 3280
44 usuario1 1462969965.4 1462969958.08 -7324.69987869 2406
45 usuario10 1462969980.74 1462969970.13 -10610.3000641 3668
45 usuario8 1462969981.14 1462969979.03 -2102.90002823 12654
45 usuario16 1462969980.31 1462969967.91 -12399.4998932 1063
45 usuario5 1462969980.88 1462969980.83 -45.4001426697 14095
45 usuario2 1462969980.93 1462969969.58 -11348.0000496 2688
45 usuario13 1462969981.13 1462969967.7 -13432.3999882 1325
45 usuario9 1462969981.08 1462969970.75 -10326.3001442 4264
45 usuario15 1462969980.71 1462969980.68 -27.6999473572 14297
45 usuario12 1462969981.26 1462969967.85 -13410.3999138 1395
45 usuario3 1462969980.84 1462969970.49 -10351.3998985 3191
45 usuario7 1462969980.63 1462969968.21 -12418.200016 1358
45 usuario4 1462969980.76 1462969968.38 -12388.4999752 1939
45 usuario11 1462969980.36 1462969968.9 -11461.4999294 2395
45 usuario6 1462969980.47 1462969970.12 -10348.7999439 3224
45 usuario14 1462969980.41 1462969970.91 -9496.99997902 4492
45 usuario1 1462969981.13 1462969969.76 -11363.1000519 3296
46 usuario10 1462969992.38 1462969982.86 -9526.20005608 1024
46 usuario8 1462969992.8 1462969989.67 -3134.5000267 7471
46 usuario16 1462969992.66 1462969984.38 -8279.50000763 1991
46 usuario5 1462969992.91 1462969992.86 -44.3000793457 10846
46 usuario2 1462969992.68 1462969985.42 -7258.59999657 3432
46 usuario13 1462969993.24 1462969984.97 -8273.10013771 2757
46 usuario9 1462969993.16 1462969983.85 -9307.60002136 1720
46 usuario15 1462969993.05 1462969983.75 -9297.4998951 1959
46 usuario12 1462969993.32 1462969988.13 -5188.60006332 5816
46 usuario3 1462969992.78 1462969985.48 -7294.89994049 3586
46 usuario7 1462969992.64 1462969983.33 -9318.09997559 1641
46 usuario4 1462969992.37 1462969983.06 -9304.10003662 1240
46 usuario11 1462969992.99 1462969983.69 -9303.40003967 2263
46 usuario6 1462969992.91 1462969983.6 -9306.90002441 2070
46 usuario14 1462969992.95 1462969988.72 -4225.30007362 7216
46 usuario1 1462969992.71 1462969984.43 -8277.60004997 2244
47 usuario10 1462970006.51 1462969994.91 -11608.7999344 1425
47 usuario8 1462970007.18 1462970007.15 -30.4000377655 13293
47 usuario16 1462970006.45 1462969995.08 -11365.5998707 1370
47 usuario5 1462970007.36 1462970002.06 -5302.70004272 8049
47 usuario2 1462970006.7 1462969996.3 -10398.2000351 2566
47 usuario13 1462970006.39 1462969996.04 -10348.400116 1723
47 usuario9 1462970006.75 1462969995.4 -11352.699995 1181
47 usuario15 1462970006.42 1462970003.29 -3134.29999352 9178
47 usuario12 1462970006.81 1462969996.47 -10344.6998596 2095
47 usuario3 1462970006.68 1462969999.43 -7242.39993095 5597
47 usuario7 1462970006.84 1462969996.5 -10339.099884 2806
47 usuario4 1462970006.94 1462969994.52 -12419.1000462 1091
47 usuario11 1462970007.12 1462969997.82 -9294.20018196 3773
47 usuario6 1462970007.27 1462969995.84 -11425.1999855 1874
47 usuario14 1462970006.83 1462970001.45 -5384.80019569 7417
47 usuario1 1462970006.61 1462969998.33 -8288.00010681 4556
48 usuario10 1462970025.02 1462970010.22 -14796.4999676 2604
48 usuario8 1462970025.41 1462970020.23 -5186.40017509 11958
48 usuario16 1462970024.75 1462970011.33 -13416.8999195 3826
48 usuario5 1462970024.91 1462970024.85 -61.399936676 16386
48 usuario2 1462970025.1 1462970009.64 -15456.8998814 1882
48 usuario13 1462970024.5 1462970011.09 -13417.2000885 2617
48 usuario9 1462970024.55 1462970011.15 -13401.0000229 3343
48 usuario15 1462970024.61 1462970009.12 -15490.5998707 1638
48 usuario12 1462970025.33 1462970014.99 -10343.6000347 7105
48 usuario3 1462970025.22 1462970022.08 -3136.10005379 14311
48 usuario7 1462970024.84 1462970009.37 -15468.8999653 1467
48 usuario4 1462970025.11 1462970009.62 -15491.8999672 1617
48 usuario11 1462970024.95 1462970009.43 -15520.5001831 1257
48 usuario6 1462970024.87 1462970010.42 -14450.799942 2094
48 usuario14 1462970024.99 1462970010.24 -14746.2000847 2316
48 usuario1 1462970025.21 1462970010.73 -14478.3000946 3059
49 usuario10 1462970038.42 1462970027.84 -10573.0998516 1715
49 usuario8 1462970037.54 1462970034.39 -3145.60008049 7921
49 usuario16 1462970038.16 1462970028.85 -9307.50012398 3047
49 usuario5 1462970038.41 1462970038.35 -53.0998706818 12338
49 usuario2 1462970037.84 1462970028.52 -9318.20011139 2364
49 usuario13 1462970037.56 1462970034.43 -3137.39991188 8830
49 usuario9 1462970037.97 1462970035.86 -2112.10012436 10220
49 usuario15 1462970037.7 1462970033.53 -4170.50004005 7849
49 usuario12 1462970037.57 1462970027.16 -10411.5998745 775
49 usuario3 1462970037.46 1462970029.16 -8296.0999012 2884
49 usuario7 1462970037.99 1462970027.65 -10342.7000046 1753
49 usuario4 1462970037.62 1462970028.32 -9305.5999279 2096
49 usuario11 1462970037.64 1462970031.43 -6214.99991417 5388
49 usuario6 1462970037.72 1462970028.4 -9323.2998848 2463
49 usuario14 1462970038.35 1462970031.97 -6374.59993362 5883
49 usuario1 1462970038.19 1462970033.01 -5188.79985809 6730
50 usuario10 1462970039.47 1462970042.69 3226.00007057 3163
50 usuario8 1462970038.57 1462970045.04 6474.0998745 6440
50 usuario16 1462970039.19 1462970043.17 3982.10000992 3953
50 usuario5 1462970039.46 1462970059.7 20232.8999043 20181
50 usuario2 1462970038.87 1462970042.77 3905.90000153 3811
50 usuario13 1462970038.59 1462970043.18 4585.09993553 4559
50 usuario9 1462970039.0 1462970043.26 4264.10007477 4235
50 usuario15 1462970038.73 1462970040.26 1530.20000458 1499
50 usuario12 1462970038.6 1462970040.63 2027.69994736 2000
50 usuario3 1462970038.52 1462970042.01 3488.10005188 3460
50 usuario7 1462970039.09 1462970042.07 2977.80013084 2947
50 usuario4 1462970038.65 1462970041.22 2561.80000305 2529
50 usuario11 1462970038.67 1462970042.48 3809.40008163 3778
50 usuario6 1462970038.75 1462970040.64 1892.60005951 1865
50 usuario14 1462970039.39 1462970040.96 1571.40016556 1506
50 usuario1 1462970039.22 1462970042.65 3430.39989471 3393
