round user time_start time_end time_php time_js
1 usuario9 1543151134.37 1543151140.28 5909.80005264 5864
1 usuario2 1543151134.61 1543151147.8 13190.5999184 13076
1 usuario20 1543151134.12 1543151148.39 14269.0000534 14187
1 usuario21 1543151134.53 1543151137.59 3068.90010834 3011
1 usuario11 1543151134.87 1543151142.66 7796.99993134 7747
1 usuario6 1543151134.25 1543151152.55 18307.3999882 18223
1 usuario19 1543151133.91 1543151141.53 7623.6000061 7574
1 usuario18 1543151134.36 1543151138.52 4159.39998627 4108
1 usuario14 1543151134.79 1543151147.18 12384.9000931 12308
1 usuario16 1543151134.33 1543151139.36 5026.59988403 4946
1 usuario1 1543151134.39 1543151139.49 5098.99997711 4999
1 usuario12 1543151134.49 1543151146.48 11987.8001213 11907
1 usuario7 1543151134.21 1543151142.54 8326.49993896 8247
1 usuario13 1543151134.51 1543151143.3 8791.39995575 8703
1 usuario3 1543151134.46 1543151140.84 6384.70005989 6332
1 usuario8 1543151133.91 1543151147.53 13619.0001965 13508
1 usuario17 1543151133.91 1543151138.52 4607.40017891 4557
1 usuario4 1543151134.66 1543151193.18 58525.6998539 58436
1 usuario10 1543151134.42 1543151145.64 11223.1998444 11138
1 usuario22 1543151134.17 1543151139.9 5721.59981728 5670
1 usuario5 1543151134.18 1543151142.97 8799.59988594 8704
1 usuario15 1543151134.86 1543151158.58 23722.6002216 23631
2 usuario9 1543151194.43 1543151200.27 5838.59992027 5796
2 usuario2 1543151194.77 1543151204.19 9417.80018806 9325
2 usuario20 1543151194.35 1543151202.87 8516.70002937 8427
2 usuario21 1543151193.92 1543151210.78 16858.7999344 16788
2 usuario11 1543151194.06 1543151197.59 3533.20002556 3492
2 usuario6 1543151194.24 1543151206.87 12621.5000153 12538
2 usuario19 1543151194.57 1543151204.47 9902.40001678 9812
2 usuario18 1543151193.95 1543151201.24 7289.2999649 7218
2 usuario14 1543151194.17 1543151198.31 4138.20004463 4095
2 usuario16 1543151194.64 1543151198.35 3717.49997139 3676
2 usuario1 1543151194.78 1543151200.9 6122.90000916 6084
2 usuario12 1543151194.55 1543151200.89 6338.90008926 6241
2 usuario7 1543151194.92 1543151208.31 13393.8000202 13295
2 usuario13 1543151194.48 1543151208.23 13748.3000755 13654
2 usuario3 1543151194.96 1543151207.85 12886.300087 12817
2 usuario8 1543151194.42 1543151203.8 9383.50009918 9295
2 usuario17 1543151194.83 1543151200.39 5562.09993362 5484
2 usuario4 1543151194.28 1543151204.04 9755.00011444 9671
2 usuario10 1543151194.66 1543151199.83 5170.09997368 5080
2 usuario22 1543151194.29 1543151199.03 4737.20002174 4695
2 usuario5 1543151193.93 1543151206.34 12411.2000465 12319
2 usuario15 1543151194.04 1543151217.27 23229.0000916 23137
3 usuario9 1543151218.02 1543151221.6 3575.79994202 3532
3 usuario2 1543151218.88 1543151224.36 5479.49981689 5440
3 usuario20 1543151218.5 1543151251.95 33451.2999058 33354
3 usuario21 1543151218.1 1543151221.51 3417.99998283 3377
3 usuario11 1543151218.51 1543151221.98 3475.20017624 3432
3 usuario6 1543151218.32 1543151226.18 7860.39996147 7821
3 usuario19 1543151218.01 1543151226.82 8807.19995499 8712
3 usuario18 1543151219.01 1543151222.28 3272.70007133 3233
3 usuario14 1543151218.22 1543151227.38 9163.59996796 9062
3 usuario16 1543151218.27 1543151222.11 3839.29991722 3793
3 usuario1 1543151218.6 1543151224.73 6125.59986115 6027
3 usuario12 1543151218.81 1543151229.14 10333.4000111 10245
3 usuario7 1543151218.87 1543151231.64 12773.3001709 12679
3 usuario13 1543151218.72 1543151233.62 14894.7000504 14798
3 usuario3 1543151218.28 1543151224.46 6185.49990654 6144
3 usuario8 1543151218.4 1543151222.57 4177.90007591 4142
3 usuario17 1543151218.17 1543151223.4 5233.90007019 5137
3 usuario4 1543151218.63 1543151230.2 11565.4997826 11475
3 usuario10 1543151218.64 1543151222.59 3952.2998333 3904
3 usuario22 1543151218.91 1543151222.58 3667.60015488 3627
3 usuario5 1543151218.85 1543151229.84 10985.8999252 10894
3 usuario15 1543151218.37 1543151230.05 11679.899931 11605
4 usuario9 1543151252.87 1543151257.47 4606.60004616 4565
4 usuario2 1543151252.58 1543151260.03 7442.69990921 7343
4 usuario20 1543151253.05 1543151259.8 6747.80011177 6720
4 usuario21 1543151252.89 1543151258.08 5191.20001793 5148
4 usuario11 1543151252.23 1543151254.33 2098.59991074 2055
4 usuario6 1543151252.18 1543151264.2 12024.0998268 11935
4 usuario19 1543151252.87 1543151260.59 7720.79992294 7626
4 usuario18 1543151252.53 1543151257.16 4628.79991531 4584
4 usuario14 1543151252.53 1543151262.9 10374.4997978 10277
4 usuario16 1543151252.31 1543151255.51 3194.20003891 3152
4 usuario1 1543151253.08 1543151256.6 3515.69986343 3475
4 usuario12 1543151252.21 1543151258.25 6046.49996758 6003
4 usuario7 1543151252.56 1543151259.98 7416.19992256 7367
4 usuario13 1543151252.43 1543151259.7 7267.49992371 7169
4 usuario3 1543151252.55 1543151256.8 4256.00004196 4218
4 usuario8 1543151252.75 1543151261.22 8476.40013695 8383
4 usuario17 1543151252.68 1543151259.21 6521.99983597 6443
4 usuario4 1543151252.07 1543151260.85 8785.79998016 8753
4 usuario10 1543151252.77 1543151255.96 3189.39995766 3149
4 usuario22 1543151252.91 1543151263.42 10508.3999634 10430
4 usuario5 1543151252.75 1543151258.67 5928.40003967 5890
4 usuario15 1543151252.97 1543151257.35 4384.5000267 4347
5 usuario9 1543151265.85 1543151268.99 3132.29990005 3086
5 usuario2 1543151265.32 1543151279.21 13887.8998756 13799
5 usuario20 1543151265.07 1543151266.9 1837.29982376 1800
5 usuario21 1543151265.48 1543151269.06 3572.20005989 3532
5 usuario11 1543151265.85 1543151267.06 1215.89994431 1173
5 usuario6 1543151265.32 1543151274.75 9437.10017204 9347
5 usuario19 1543151265.81 1543151269.61 3798.89988899 3762
5 usuario18 1543151265.53 1543151271.73 6200.40011406 6117
5 usuario14 1543151266.07 1543151271.05 4981.89997673 4938
5 usuario16 1543151265.98 1543151269.02 3046.0999012 3005
5 usuario1 1543151266.0 1543151276.64 10636.4998817 10544
5 usuario12 1543151265.65 1543151271.75 6107.39994049 6012
5 usuario7 1543151265.26 1543151272.41 7152.69994736 7034
5 usuario13 1543151266.04 1543151274.85 8805.89985847 8707
5 usuario3 1543151265.15 1543151270.84 5684.10015106 5595
5 usuario8 1543151265.44 1543151270.68 5241.49990082 5203
5 usuario17 1543151265.5 1543151269.02 3514.10007477 3486
5 usuario4 1543151265.09 1543151275.98 10887.3999119 10781
5 usuario10 1543151265.37 1543151272.02 6649.19996262 6555
5 usuario22 1543151265.58 1543151269.79 4209.3000412 4185
5 usuario5 1543151266.01 1543151276.33 10320.0001717 10214
5 usuario15 1543151265.71 1543151271.04 5327.10003853 5289
6 usuario9 1543151280.5 1543151283.58 3074.39994812 3034
6 usuario2 1543151280.31 1543151296.33 16017.0001984 15931
6 usuario20 1543151280.51 1543151281.85 1331.59995079 1277
6 usuario21 1543151280.65 1543151283.49 2839.79988098 2799
6 usuario11 1543151280.65 1543151283.38 2737.09988594 2689
6 usuario6 1543151281.03 1543151291.4 10366.5001392 10271
6 usuario19 1543151281.09 1543151282.86 1765.30003548 1724
6 usuario18 1543151280.12 1543151284.0 3878.90005112 3834
6 usuario14 1543151280.5 1543151288.6 8101.59993172 7997
6 usuario16 1543151280.52 1543151284.07 3555.29999733 3511
6 usuario1 1543151280.84 1543151292.65 11811.7001057 11724
6 usuario12 1543151280.15 1543151284.31 4162.29987144 4114
6 usuario7 1543151280.78 1543151283.66 2882.999897 2854
6 usuario13 1543151280.12 1543151287.61 7498.30007553 7406
6 usuario3 1543151280.21 1543151287.51 7298.09999466 7189
6 usuario8 1543151280.12 1543151290.78 10653.9998055 10576
6 usuario17 1543151280.55 1543151284.31 3753.00002098 3707
6 usuario4 1543151280.2 1543151286.55 6348.19984436 6259
6 usuario10 1543151280.41 1543151282.67 2261.39998436 2221
6 usuario22 1543151280.27 1543151282.45 2179.19993401 2132
6 usuario5 1543151280.55 1543151284.7 4146.39997482 4106
6 usuario15 1543151280.47 1543151284.26 3791.30005836 3752
7 usuario9 1543151297.2 1543151300.39 3193.89986992 3152
7 usuario2 1543151297.42 1543151308.75 11325.2999783 11249
7 usuario20 1543151297.53 1543151303.32 5792.99998283 5699
7 usuario21 1543151298.12 1543151302.67 4551.40018463 4504
7 usuario11 1543151298.11 1543151299.23 1120.00012398 1080
7 usuario6 1543151297.67 1543151305.61 7936.59996986 7840
7 usuario19 1543151297.47 1543151301.21 3738.19994926 3702
7 usuario18 1543151297.61 1543151301.23 3626.80006027 3589
7 usuario14 1543151298.03 1543151304.11 6082.20005035 5971
7 usuario16 1543151297.62 1543151300.08 2455.39999008 2410
7 usuario1 1543151297.9 1543151306.6 8700.19984245 8604
7 usuario12 1543151297.89 1543151301.79 3897.39990234 3828
7 usuario7 1543151297.3 1543151302.46 5166.89991951 5120
7 usuario13 1543151298.13 1543151304.16 6032.59992599 5993
7 usuario3 1543151297.97 1543151301.93 3962.00013161 3908
7 usuario8 1543151298.08 1543151300.54 2455.39999008 2419
7 usuario17 1543151297.89 1543151301.83 3931.60009384 3894
7 usuario4 1543151298.01 1543151309.62 11610.9998226 11514
7 usuario10 1543151297.27 1543151301.06 3788.30003738 3746
7 usuario22 1543151297.24 1543151300.62 3379.80008125 3356
7 usuario5 1543151297.23 1543151302.7 5463.09995651 5420
7 usuario15 1543151297.86 1543151303.22 5358.00004005 5316
8 usuario9 1543151310.85 1543151313.54 2688.99989128 2651
8 usuario2 1543151310.88 1543151315.04 4156.3000679 4115
8 usuario20 1543151310.74 1543151322.36 11624.600172 11525
8 usuario21 1543151311.08 1543151314.31 3228.69992256 3186
8 usuario11 1543151310.75 1543151313.43 2680.99999428 2634
8 usuario6 1543151310.87 1543151317.61 6742.90013313 6654
8 usuario19 1543151310.68 1543151316.85 6164.79992867 6076
8 usuario18 1543151310.68 1543151312.89 2209.80000496 2177
8 usuario14 1543151310.43 1543151313.27 2839.49995041 2781
8 usuario16 1543151310.53 1543151313.26 2731.1000824 2693
8 usuario1 1543151310.81 1543151328.17 17358.9000702 17268
8 usuario12 1543151310.27 1543151313.64 3362.49995232 3321
8 usuario7 1543151310.88 1543151314.74 3858.39986801 3817
8 usuario13 1543151310.48 1543151318.7 8218.49989891 8127
8 usuario3 1543151310.33 1543151316.69 6363.50011826 6316
8 usuario8 1543151310.97 1543151315.02 4043.40004921 4006
8 usuario17 1543151310.2 1543151313.27 3065.79995155 3024
8 usuario4 1543151310.73 1543151324.06 13330.1999569 13250
8 usuario10 1543151310.47 1543151313.25 2775.30002594 2734
8 usuario22 1543151311.12 1543151313.24 2114.39990997 2079
8 usuario5 1543151311.08 1543151315.76 4677.70004272 4642
8 usuario15 1543151310.59 1543151313.54 2948.80008698 2910
9 usuario9 1543151329.21 1543151332.05 2843.19996834 2803
9 usuario2 1543151328.61 1543151335.4 6795.09997368 6701
9 usuario20 1543151328.64 1543151331.26 2619.40002441 2580
9 usuario21 1543151329.01 1543151332.09 3085.59989929 3044
9 usuario11 1543151329.15 1543151330.11 954.09989357 911
9 usuario6 1543151329.07 1543151339.0 9927.89983749 9840
9 usuario19 1543151328.36 1543151335.02 6663.1000042 6626
9 usuario18 1543151328.59 1543151331.18 2596.2998867 2553
9 usuario14 1543151329.06 1543151330.38 1324.20015335 1284
9 usuario16 1543151328.96 1543151330.82 1855.49998283 1808
9 usuario1 1543151329.26 1543151335.85 6592.49997139 6551
9 usuario12 1543151328.36 1543151331.64 3274.69992638 3235
9 usuario7 1543151328.4 1543151332.46 4063.59982491 4016
9 usuario13 1543151329.24 1543151344.96 15717.4999714 15635
9 usuario3 1543151329.26 1543151332.55 3291.80002213 3247
9 usuario8 1543151328.57 1543151333.09 4516.09992981 4473
9 usuario17 1543151329.0 1543151332.13 3127.20012665 3088
9 usuario4 1543151328.26 1543151335.6 7345.09992599 7254
9 usuario10 1543151328.89 1543151332.61 3720.29995918 3684
9 usuario22 1543151328.95 1543151330.23 1278.30004692 1232
9 usuario5 1543151328.28 1543151335.04 6766.10016823 6728
9 usuario15 1543151329.23 1543151331.82 2589.20001984 2549
10 usuario9 1543151345.63 1543151348.25 2627.09999084 2585
10 usuario2 1543151345.88 1543151355.7 9821.49982452 9778
10 usuario20 1543151345.99 1543151348.71 2725.39997101 2681
10 usuario21 1543151345.7 1543151347.95 2247.49994278 2206
10 usuario11 1543151345.96 1543151347.23 1271.6999054 1230
10 usuario6 1543151345.28 1543151352.09 6803.79986763 6713
10 usuario19 1543151345.45 1543151349.56 4114.50004578 4072
10 usuario18 1543151345.84 1543151348.47 2625.39982796 2585
10 usuario14 1543151346.1 1543151351.26 5165.29989243 5124
10 usuario16 1543151345.44 1543151348.01 2574.8000145 2533
10 usuario1 1543151345.29 1543151349.36 4069.29993629 4028
10 usuario12 1543151345.26 1543151348.2 2942.70014763 2886
10 usuario7 1543151346.1 1543151351.44 5338.79995346 5295
10 usuario13 1543151346.05 1543151357.23 11179.500103 11090
10 usuario3 1543151346.1 1543151353.53 7428.99990082 7338
10 usuario8 1543151345.67 1543151349.08 3403.7001133 3363
10 usuario17 1543151345.71 1543151348.12 2411.99994087 2375
10 usuario4 1543151346.03 1543151356.42 10385.60009 10291
10 usuario10 1543151346.2 1543151352.61 6405.20000458 6363
10 usuario22 1543151345.98 1543151347.38 1390.50006866 1360
10 usuario5 1543151345.47 1543151349.47 4000.0 3962
10 usuario15 1543151345.37 1543151369.96 24586.2998962 24487
11 usuario9 1543151371.18 1543151374.3 3121.0000515 3081
11 usuario2 1543151370.38 1543151378.67 8295.20010948 8202
11 usuario20 1543151370.63 1543151371.94 1303.50017548 1263
11 usuario21 1543151370.94 1543151372.69 1749.00007248 1709
11 usuario11 1543151370.34 1543151371.26 925.400018692 898
11 usuario6 1543151370.82 1543151380.19 9371.0000515 9277
11 usuario19 1543151370.41 1543151374.68 4274.70016479 4237
11 usuario18 1543151370.47 1543151373.34 2869.69995499 2828
11 usuario14 1543151371.17 1543151377.81 6639.8999691 6543
11 usuario16 1543151370.96 1543151373.57 2612.40005493 2566
11 usuario1 1543151370.36 1543151378.25 7895.69997787 7851
11 usuario12 1543151371.33 1543151377.76 6429.40020561 6386
11 usuario7 1543151370.41 1543151377.49 7074.59998131 6956
11 usuario13 1543151370.82 1543151378.89 8074.8000145 7982
11 usuario3 1543151371.23 1543151376.25 5027.69994736 4938
11 usuario8 1543151370.95 1543151375.1 4146.19994164 4124
11 usuario17 1543151371.15 1543151374.83 3672.89996147 3649
11 usuario4 1543151371.03 1543151379.93 8900.30002594 8794
11 usuario10 1543151370.34 1543151374.09 3750.80013275 3714
11 usuario22 1543151370.53 1543151377.0 6472.19991684 6442
11 usuario5 1543151370.35 1543151374.41 4064.10002708 4023
11 usuario15 1543151371.06 1543151398.41 27348.6998081 27289
12 usuario9 1543151399.39 1543151401.82 2425.1999855 2383
12 usuario2 1543151399.62 1543151402.0 2386.10005379 2334
12 usuario20 1543151400.06 1543151401.16 1100.09980202 1049
12 usuario21 1543151399.85 1543151405.43 5582.09991455 5537
12 usuario11 1543151399.44 1543151401.1 1659.30008888 1620
12 usuario6 1543151400.01 1543151407.59 7582.7999115 7501
12 usuario19 1543151399.67 1543151409.47 9800.0998497 9729
12 usuario18 1543151399.47 1543151402.02 2547.30010033 2506
12 usuario14 1543151399.97 1543151419.7 19732.9001427 19638
12 usuario16 1543151399.64 1543151402.69 3054.49986458 3010
12 usuario1 1543151400.19 1543151406.83 6634.70005989 6587
12 usuario12 1543151399.79 1543151403.76 3961.30013466 3922
12 usuario7 1543151399.38 1543151404.17 4792.39988327 4743
12 usuario13 1543151399.83 1543151402.86 3024.10006523 2979
12 usuario3 1543151400.23 1543151403.6 3371.69981003 3334
12 usuario8 1543151400.15 1543151429.69 29539.0999317 29431
12 usuario17 1543151399.84 1543151402.03 2193.39990616 2151
12 usuario4 1543151399.76 1543151404.57 4813.99989128 4773
12 usuario10 1543151400.23 1543151406.85 6620.19991875 6523
12 usuario22 1543151400.04 1543151402.98 2941.40005112 2899
12 usuario5 1543151399.45 1543151404.7 5248.50010872 5207
12 usuario15 1543151399.5 1543151417.09 17589.799881 17506
13 usuario9 1543151431.09 1543151436.28 5187.29996681 5120
13 usuario2 1543151431.32 1543151433.21 1888.90004158 1842
13 usuario20 1543151431.45 1543151433.37 1923.79999161 1881
13 usuario21 1543151430.5 1543151434.04 3537.09983826 3497
13 usuario11 1543151431.44 1543151433.34 1900.99978447 1855
13 usuario6 1543151430.52 1543151436.03 5513.90004158 5474
13 usuario19 1543151431.44 1543151433.91 2478.3000946 2440
13 usuario18 1543151431.31 1543151434.55 3238.20018768 3189
13 usuario14 1543151431.3 1543151439.08 7783.99991989 7745
13 usuario16 1543151430.87 1543151434.03 3151.89981461 3112
13 usuario1 1543151430.84 1543151442.7 11862.9999161 11758
13 usuario12 1543151431.08 1543151434.16 3074.39994812 3031
13 usuario7 1543151430.43 1543151434.09 3664.39986229 3614
13 usuario13 1543151431.18 1543151437.9 6715.10004997 6671
13 usuario3 1543151430.72 1543151440.01 9288.39993477 9197
13 usuario8 1543151430.78 1543151434.18 3398.2000351 3360
13 usuario17 1543151431.26 1543151434.91 3647.50003815 3609
13 usuario4 1543151430.56 1543151442.23 11663.599968 11578
13 usuario10 1543151430.77 1543151435.34 4572.70002365 4546
13 usuario22 1543151431.3 1543151433.35 2054.89993095 2012
13 usuario5 1543151430.77 1543151434.51 3740.70000648 3701
13 usuario15 1543151430.73 1543151435.49 4754.50015068 4712
14 usuario9 1543151443.64 1543151449.82 6177.9999733 6086
14 usuario2 1543151443.7 1543151455.16 11459.6998692 11374
14 usuario20 1543151443.86 1543151445.29 1431.39982224 1391
14 usuario21 1543151443.49 1543151447.82 4336.80009842 4296
14 usuario11 1543151443.91 1543151447.82 3909.90018845 3872
14 usuario6 1543151444.4 1543151452.13 7727.80013084 7638
14 usuario19 1543151444.37 1543151445.99 1624.59993362 1577
14 usuario18 1543151443.99 1543151446.58 2586.60006523 2541
14 usuario14 1543151444.33 1543151449.94 5613.19994926 5546
14 usuario16 1543151444.49 1543151448.05 3559.5998764 3511
14 usuario1 1543151443.84 1543151446.83 2991.70017242 2883
14 usuario12 1543151443.61 1543151446.76 3154.90007401 3115
14 usuario7 1543151443.57 1543151449.7 6128.70001793 6083
14 usuario13 1543151444.2 1543151448.12 3916.69988632 3879
14 usuario3 1543151444.23 1543151446.75 2526.59988403 2491
14 usuario8 1543151443.59 1543151450.41 6816.30015373 6777
14 usuario17 1543151444.32 1543151448.42 4100.20017624 4053
14 usuario4 1543151444.35 1543151451.07 6717.49997139 6677
14 usuario10 1543151443.72 1543151448.15 4424.60012436 4392
14 usuario22 1543151443.88 1543151445.59 1708.60004425 1666
14 usuario5 1543151443.9 1543151448.27 4365.40007591 4326
14 usuario15 1543151443.89 1543151447.36 3472.50008583 3430
15 usuario9 1543151456.15 1543151463.6 7448.4000206 7350
15 usuario2 1543151456.26 1543151463.85 7586.19999886 7557
15 usuario20 1543151455.76 1543151456.93 1166.19992256 1123
15 usuario21 1543151456.21 1543151457.95 1744.89998817 1706
15 usuario11 1543151456.22 1543151457.46 1243.99995804 1203
15 usuario6 1543151456.33 1543151461.62 5293.69997978 5253
15 usuario19 1543151456.41 1543151460.59 4182.29985237 4144
15 usuario18 1543151456.0 1543151458.28 2276.60012245 2232
15 usuario14 1543151456.29 1543151462.66 6376.3999939 6278
15 usuario16 1543151456.44 1543151459.38 2940.59991837 2899
15 usuario1 1543151456.45 1543151460.91 4451.60007477 4411
15 usuario12 1543151456.24 1543151458.41 2174.20005798 2130
15 usuario7 1543151456.06 1543151470.36 14303.6999702 14250
15 usuario13 1543151456.53 1543151463.34 6809.39984322 6741
15 usuario3 1543151456.15 1543151460.23 4076.69997215 4050
15 usuario8 1543151455.71 1543151458.0 2287.69993782 2245
15 usuario17 1543151455.75 1543151457.86 2105.40008545 2065
15 usuario4 1543151456.33 1543151462.94 6607.80000687 6519
15 usuario10 1543151456.53 1543151459.62 3091.30001068 3047
15 usuario22 1543151456.07 1543151461.28 5210.7000351 5103
15 usuario5 1543151455.63 1543151460.12 4496.50001526 4456
15 usuario15 1543151455.74 1543151476.48 20742.399931 20652
16 usuario9 1543151477.24 1543151482.45 5213.09995651 5168
16 usuario2 1543151477.46 1543151483.03 5567.49987602 5528
16 usuario20 1543151476.77 1543151477.49 725.200176239 681
16 usuario21 1543151476.8 1543151478.59 1790.29989243 1749
16 usuario11 1543151477.36 1543151478.72 1358.29997063 1319
16 usuario6 1543151477.27 1543151493.44 16170.6001759 16094
16 usuario19 1543151477.26 1543151479.15 1884.79995728 1846
16 usuario18 1543151477.09 1543151479.86 2766.4000988 2723
16 usuario14 1543151477.28 1543151483.6 6313.99989128 6246
16 usuario16 1543151477.21 1543151479.23 2025.30002594 1987
16 usuario1 1543151476.61 1543151482.12 5511.19995117 5462
16 usuario12 1543151477.4 1543151480.82 3420.30000687 3379
16 usuario7 1543151476.66 1543151481.78 5122.60007858 5026
16 usuario13 1543151476.92 1543151482.16 5238.20018768 5199
16 usuario3 1543151476.92 1543151483.83 6914.70003128 6820
16 usuario8 1543151476.81 1543151483.3 6485.69989204 6420
16 usuario17 1543151476.62 1543151480.09 3473.20008278 3435
16 usuario4 1543151477.53 1543151480.89 3359.40003395 3322
16 usuario10 1543151477.39 1543151482.49 5109.20000076 5028
16 usuario22 1543151476.98 1543151483.53 6549.90005493 6460
16 usuario5 1543151476.83 1543151481.46 4628.49998474 4590
16 usuario15 1543151477.58 1543151492.39 14803.4000397 14729
17 usuario9 1543151493.96 1543151499.29 5330.80005646 5289
17 usuario2 1543151494.6 1543151499.5 4898.2000351 4850
17 usuario20 1543151494.2 1543151496.43 2226.99999809 2187
17 usuario21 1543151494.38 1543151497.07 2686.70010567 2608
17 usuario11 1543151494.57 1543151496.68 2108.09993744 2062
17 usuario6 1543151494.59 1543151497.78 3196.40016556 3156
17 usuario19 1543151493.75 1543151502.1 8349.59983826 8305
17 usuario18 1543151494.48 1543151498.3 3821.19989395 3778
17 usuario14 1543151494.08 1543151517.57 23491.2998676 23393
17 usuario16 1543151493.87 1543151498.85 4981.29987717 4927
17 usuario1 1543151493.65 1543151505.9 12244.1999912 12149
17 usuario12 1543151494.47 1543151497.58 3108.40010643 3065
17 usuario7 1543151494.34 1543151505.65 11304.0001392 11211
17 usuario13 1543151493.68 1543151499.11 5430.39989471 5385
17 usuario3 1543151494.27 1543151497.26 2987.90001869 2946
17 usuario8 1543151493.75 1543151497.33 3574.8000145 3531
17 usuario17 1543151493.69 1543151497.8 4110.90016365 4070
17 usuario4 1543151494.43 1543151500.19 5764.29986954 5715
17 usuario10 1543151493.98 1543151496.52 2534.39998627 2496
17 usuario22 1543151493.99 1543151501.9 7917.0999527 7874
17 usuario5 1543151494.05 1543151499.14 5093.99986267 5050
17 usuario15 1543151494.5 1543151509.86 15358.4001064 15271
18 usuario9 1543151518.05 1543151520.7 2652.89998055 2613
18 usuario2 1543151518.34 1543151524.94 6593.89996529 6496
18 usuario20 1543151518.3 1543151532.17 13867.9001331 13791
18 usuario21 1543151517.95 1543151519.95 2004.00018692 1966
18 usuario11 1543151517.73 1543151521.02 3294.60000992 3253
18 usuario6 1543151518.61 1543151524.05 5436.39993668 5397
18 usuario19 1543151517.73 1543151526.44 8705.49988747 8614
18 usuario18 1543151518.19 1543151524.11 5919.39997673 5842
18 usuario14 1543151518.66 1543151530.75 12089.6000862 11999
18 usuario16 1543151517.68 1543151520.92 3238.90018463 3199
18 usuario1 1543151518.53 1543151528.51 9977.20003128 9885
18 usuario12 1543151517.76 1543151522.6 4842.20004082 4792
18 usuario7 1543151518.29 1543151527.18 8892.29989052 8793
18 usuario13 1543151517.96 1543151520.03 2067.49987602 2027
18 usuario3 1543151518.11 1543151540.45 22344.0999985 22278
18 usuario8 1543151518.12 1543151520.39 2273.49996567 2232
18 usuario17 1543151517.65 1543151519.71 2056.90002441 2017
18 usuario4 1543151517.96 1543151524.93 6966.80021286 6879
18 usuario10 1543151518.43 1543151525.14 6707.29994774 6612
18 usuario22 1543151517.79 1543151525.3 7512.89987564 7407
18 usuario5 1543151517.92 1543151523.26 5336.79986 5237
18 usuario15 1543151518.23 1543151521.97 3734.10010338 3693
19 usuario9 1543151541.53 1543151546.07 4542.79994965 4497
19 usuario2 1543151541.69 1543151544.89 3201.49993896 3163
19 usuario20 1543151541.59 1543151547.47 5878.80015373 5788
19 usuario21 1543151540.92 1543151542.65 1725.70014 1671
19 usuario11 1543151540.98 1543151542.71 1733.5999012 1690
19 usuario6 1543151540.75 1543151545.1 4357.50007629 4317
19 usuario19 1543151541.05 1543151546.21 5162.49990463 5123
19 usuario18 1543151540.85 1543151542.98 2134.59992409 2092
19 usuario14 1543151541.24 1543151554.28 13033.4999561 12922
19 usuario16 1543151540.78 1543151543.27 2492.10000038 2451
19 usuario1 1543151541.04 1543151545.31 4267.49992371 4226
19 usuario12 1543151541.38 1543151544.93 3543.10011864 3475
19 usuario7 1543151540.81 1543151544.98 4169.10004616 4130
19 usuario13 1543151541.05 1543151546.66 5614.10021782 5572
19 usuario3 1543151541.56 1543151545.36 3798.00009727 3774
19 usuario8 1543151541.23 1543151546.57 5333.40001106 5238
19 usuario17 1543151541.65 1543151544.41 2760.20002365 2719
19 usuario4 1543151541.6 1543151545.1 3490.29994011 3453
19 usuario10 1543151540.8 1543151542.92 2124.00007248 2084
19 usuario22 1543151541.04 1543151542.37 1327.10003853 1292
19 usuario5 1543151540.99 1543151545.1 4105.49998283 4056
19 usuario15 1543151540.7 1543151546.55 5854.89988327 5764
20 usuario9 1543151555.51 1543151559.54 4032.89985657 3989
20 usuario2 1543151555.34 1543151557.89 2551.7001152 2506
20 usuario20 1543151554.78 1543151557.02 2240.09990692 2204
20 usuario21 1543151555.19 1543151556.91 1719.59996223 1672
20 usuario11 1543151555.29 1543151557.03 1745.19991875 1682
20 usuario6 1543151555.56 1543151560.02 4467.90003777 4425
20 usuario19 1543151555.61 1543151561.99 6380.3999424 6293
20 usuario18 1543151555.58 1543151558.49 2902.10008621 2852
20 usuario14 1543151555.37 1543151559.5 4128.29995155 4083
20 usuario16 1543151554.79 1543151557.14 2357.69987106 2325
20 usuario1 1543151554.73 1543151557.45 2719.89989281 2676
20 usuario12 1543151555.44 1543151559.51 4063.10009956 4019
20 usuario7 1543151555.64 1543151560.51 4875.29993057 4833
20 usuario13 1543151555.06 1543151562.14 7086.50016785 6999
20 usuario3 1543151554.76 1543151557.53 2769.00005341 2726
20 usuario8 1543151554.94 1543151560.15 5212.49985695 5121
20 usuario17 1543151554.89 1543151557.87 2988.79981041 2943
20 usuario4 1543151555.56 1543151566.71 11147.4997997 11053
20 usuario10 1543151555.58 1543151558.19 2613.70015144 2575
20 usuario22 1543151554.93 1543151561.66 6723.99997711 6624
20 usuario5 1543151555.57 1543151560.0 4424.70002174 4382
20 usuario15 1543151554.93 1543151561.26 6330.10005951 6238
21 usuario9 1543151566.86 1543151574.11 7251.19996071 7161
21 usuario2 1543151567.34 1543151574.55 7207.20005035 7107
21 usuario20 1543151567.48 1543151579.48 12002.7000904 11905
21 usuario21 1543151567.36 1543151569.18 1818.59993935 1781
21 usuario11 1543151567.53 1543151568.79 1265.0001049 1222
21 usuario6 1543151567.4 1543151569.66 2266.90006256 2228
21 usuario19 1543151567.21 1543151572.5 5282.60016441 5194
21 usuario18 1543151566.9 1543151570.21 3309.00001526 3268
21 usuario14 1543151566.83 1543151581.06 14228.399992 14137
21 usuario16 1543151567.63 1543151571.31 3679.39996719 3640
21 usuario1 1543151566.87 1543151573.45 6582.7999115 6492
21 usuario12 1543151566.85 1543151569.45 2598.90007973 2561
21 usuario7 1543151566.87 1543151575.41 8532.79995918 8433
21 usuario13 1543151567.49 1543151571.67 4182.60002136 4134
21 usuario3 1543151566.94 1543151571.84 4899.69992638 4863
21 usuario8 1543151567.49 1543151573.67 6177.40011215 6088
21 usuario17 1543151567.29 1543151570.1 2811.80000305 2771
21 usuario4 1543151566.75 1543151572.53 5780.10010719 5731
21 usuario10 1543151567.63 1543151569.72 2080.70015907 2033
21 usuario22 1543151566.9 1543151569.32 2414.70003128 2390
21 usuario5 1543151567.34 1543151572.37 5029.70004082 4986
21 usuario15 1543151567.55 1543151571.62 4066.99991226 4022
22 usuario9 1543151582.47 1543151586.2 3731.60004616 3691
22 usuario2 1543151581.89 1543151585.2 3310.30011177 3266
22 usuario20 1543151582.67 1543151587.48 4806.79988861 4767
22 usuario21 1543151581.78 1543151584.39 2609.9998951 2567
22 usuario11 1543151582.39 1543151583.51 1119.19999123 1079
22 usuario6 1543151582.29 1543151588.97 6677.40011215 6576
22 usuario19 1543151581.89 1543151588.97 7077.00014114 6987
22 usuario18 1543151582.77 1543151586.55 3778.59997749 3735
22 usuario14 1543151582.15 1543151588.33 6183.90011787 6159
22 usuario16 1543151582.81 1543151585.35 2539.30020332 2492
22 usuario1 1543151581.82 1543151587.77 5950.10018349 5860
22 usuario12 1543151582.14 1543151586.37 4223.79994392 4199
22 usuario7 1543151582.8 1543151588.19 5397.40014076 5306
22 usuario13 1543151582.16 1543151586.05 3888.60011101 3843
22 usuario3 1543151582.27 1543151584.97 2696.70009613 2656
22 usuario8 1543151582.06 1543151586.24 4187.90006638 4137
22 usuario17 1543151582.66 1543151584.87 2210.10017395 2171
22 usuario4 1543151581.98 1543151590.55 8569.70000267 8477
22 usuario10 1543151582.25 1543151584.55 2295.70007324 2256
22 usuario22 1543151581.86 1543151584.82 2958.10008049 2915
22 usuario5 1543151581.78 1543151585.0 3213.59992027 3171
22 usuario15 1543151582.06 1543151587.52 5457.59987831 5414
23 usuario9 1543151591.45 1543151596.13 4680.60016632 4642
23 usuario2 1543151591.53 1543151594.19 2659.99984741 2631
23 usuario20 1543151591.68 1543151595.3 3617.79999733 3572
23 usuario21 1543151591.72 1543151597.17 5444.90003586 5362
23 usuario11 1543151590.87 1543151592.3 1430.19986153 1374
23 usuario6 1543151591.1 1543151595.54 4441.30015373 4402
23 usuario19 1543151591.09 1543151599.69 8606.79984093 8518
23 usuario18 1543151591.81 1543151594.19 2375.20003319 2324
23 usuario14 1543151591.56 1543151599.52 7957.60011673 7858
23 usuario16 1543151591.62 1543151595.43 3804.69989777 3778
23 usuario1 1543151590.95 1543151594.02 3063.70019913 3024
23 usuario12 1543151591.63 1543151594.08 2450.79994202 2403
23 usuario7 1543151591.38 1543151596.21 4839.09988403 4801
23 usuario13 1543151591.44 1543151595.24 3802.00004578 3753
23 usuario3 1543151591.27 1543151606.64 15368.3998585 15274
23 usuario8 1543151591.5 1543151597.98 6483.29997063 6387
23 usuario17 1543151591.17 1543151593.07 1909.60001945 1870
23 usuario4 1543151591.64 1543151594.71 3066.3998127 3042
23 usuario10 1543151590.83 1543151594.81 3986.40012741 3935
23 usuario22 1543151591.14 1543151602.77 11621.5000153 11541
23 usuario5 1543151591.3 1543151595.64 4342.40007401 4303
23 usuario15 1543151591.74 1543151597.86 6115.6001091 6014
24 usuario9 1543151607.63 1543151610.93 3296.80013657 3248
24 usuario2 1543151607.84 1543151612.08 4239.30001259 4199
24 usuario20 1543151606.86 1543151609.85 2996.29998207 2956
24 usuario21 1543151607.68 1543151609.34 1666.80002213 1597
24 usuario11 1543151607.01 1543151608.21 1198.19998741 1158
24 usuario6 1543151607.0 1543151609.49 2484.29989815 2438
24 usuario19 1543151607.01 1543151613.28 6265.79999924 6176
24 usuario18 1543151607.82 1543151610.73 2911.00001335 2864
24 usuario14 1543151606.98 1543151619.82 12837.5999928 12747
24 usuario16 1543151606.93 1543151611.47 4547.00016975 4502
24 usuario1 1543151607.6 1543151611.08 3479.40015793 3440
24 usuario12 1543151607.69 1543151610.3 2608.20007324 2565
24 usuario7 1543151607.78 1543151610.79 3008.90016556 2959
24 usuario13 1543151607.86 1543151612.37 4506.50000572 4467
24 usuario3 1543151607.76 1543151611.05 3289.00003433 3265
24 usuario8 1543151607.41 1543151610.87 3457.09991455 3419
24 usuario17 1543151607.72 1543151609.46 1734.80010033 1696
24 usuario4 1543151607.27 1543151610.2 2924.59988594 2886
24 usuario10 1543151607.34 1543151611.29 3944.49996948 3916
24 usuario22 1543151607.04 1543151608.78 1732.69987106 1691
24 usuario5 1543151607.18 1543151612.7 5515.19989967 5472
24 usuario15 1543151607.37 1543151612.98 5615.90003967 5522
25 usuario9 1543151620.35 1543151624.49 4135.9000206 4099
25 usuario2 1543151620.5 1543151622.9 2399.20020103 2360
25 usuario20 1543151620.32 1543151622.69 2375.20003319 2334
25 usuario21 1543151620.87 1543151622.27 1396.6999054 1359
25 usuario11 1543151620.78 1543151622.28 1502.40015984 1450
25 usuario6 1543151619.93 1543151623.82 3890.49983025 3847
25 usuario19 1543151620.58 1543151626.17 5589.30015564 5500
25 usuario18 1543151620.14 1543151623.65 3511.70015335 3464
25 usuario14 1543151620.91 1543151622.97 2058.70008469 2032
25 usuario16 1543151620.91 1543151624.05 3137.80021667 3097
25 usuario1 1543151620.55 1543151623.46 2904.10017967 2849
25 usuario12 1543151620.84 1543151625.59 4749.20010567 4708
25 usuario7 1543151620.29 1543151624.43 4141.59989357 4101
25 usuario13 1543151620.76 1543151627.88 7118.40009689 7006
25 usuario3 1543151620.46 1543151623.8 3337.50009537 3296
25 usuario8 1543151620.28 1543151625.0 4717.99993515 4671
25 usuario17 1543151619.92 1543151621.56 1637.39991188 1596
25 usuario4 1543151620.64 1543151623.66 3013.00001144 2972
25 usuario10 1543151620.7 1543151625.62 4922.80006409 4874
25 usuario22 1543151620.28 1543151624.89 4606.49991035 4579
25 usuario5 1543151620.04 1543151624.64 4601.30000114 4561
25 usuario15 1543151620.3 1543151624.36 4053.30014229 4003
26 usuario9 1543151628.69 1543151632.97 4273.69999886 4232
26 usuario2 1543151628.16 1543151632.16 3999.79996681 3955
26 usuario20 1543151627.95 1543151637.98 10033.9999199 9924
26 usuario21 1543151628.66 1543151630.67 2008.50009918 1968
26 usuario11 1543151628.56 1543151629.53 979.000091553 921
26 usuario6 1543151628.04 1543151638.44 10403.3999443 10300
26 usuario19 1543151628.31 1543151635.42 7104.5999527 7062
26 usuario18 1543151628.93 1543151631.33 2397.40014076 2346
26 usuario14 1543151628.23 1543151634.55 6317.49987602 6221
26 usuario16 1543151628.33 1543151631.52 3184.29994583 3160
26 usuario1 1543151628.78 1543151632.5 3712.39995956 3668
26 usuario12 1543151628.8 1543151632.35 3556.59985542 3512
26 usuario7 1543151628.69 1543151632.23 3537.50014305 3514
26 usuario13 1543151627.92 1543151631.25 3324.10001755 3277
26 usuario3 1543151628.01 1543151631.48 3478.20019722 3437
26 usuario8 1543151628.17 1543151631.91 3743.80016327 3706
26 usuario17 1543151628.91 1543151631.56 2644.79994774 2605
26 usuario4 1543151628.93 1543151633.29 4366.99986458 4331
26 usuario10 1543151628.8 1543151631.37 2575.00004768 2520
26 usuario22 1543151628.07 1543151629.48 1405.59983253 1378
26 usuario5 1543151628.86 1543151631.57 2712.30006218 2662
26 usuario15 1543151628.6 1543151633.58 4981.40001297 4943
27 usuario9 1543151639.24 1543151641.92 2679.80003357 2635
27 usuario2 1543151639.48 1543151642.28 2795.59993744 2759
27 usuario20 1543151639.22 1543151670.59 31368.8998222 31283
27 usuario21 1543151639.09 1543151640.69 1600.20017624 1560
27 usuario11 1543151639.09 1543151642.1 3007.999897 2967
27 usuario6 1543151639.54 1543151647.43 7894.19984818 7869
27 usuario19 1543151639.64 1543151641.82 2181.39982224 2145
27 usuario18 1543151639.72 1543151642.43 2713.00005913 2667
27 usuario14 1543151639.81 1543151646.72 6904.00004387 6806
27 usuario16 1543151639.9 1543151642.39 2483.99996758 2442
27 usuario1 1543151639.87 1543151650.24 10363.8000488 10271
27 usuario12 1543151639.69 1543151642.62 2929.60000038 2886
27 usuario7 1543151639.73 1543151642.7 2963.59992027 2922
27 usuario13 1543151639.66 1543151644.86 5206.09998703 5158
27 usuario3 1543151639.93 1543151646.04 6108.50000381 6065
27 usuario8 1543151639.26 1543151641.75 2486.00006104 2447
27 usuario17 1543151639.96 1543151642.64 2681.9999218 2643
27 usuario4 1543151639.67 1543151643.7 4030.80010414 3994
27 usuario10 1543151639.74 1543151642.88 3138.99993896 3099
27 usuario22 1543151639.95 1543151641.07 1114.2001152 1066
27 usuario5 1543151639.95 1543151642.42 2471.69995308 2428
27 usuario15 1543151639.88 1543151646.96 7079.99992371 6985
28 usuario9 1543151671.16 1543151674.69 3533.20002556 3489
28 usuario2 1543151671.45 1543151674.58 3126.89995766 3102
28 usuario20 1543151671.68 1543151674.66 2977.90002823 2940
28 usuario21 1543151672.0 1543151675.11 3110.19992828 3071
28 usuario11 1543151671.53 1543151673.04 1513.99993896 1473
28 usuario6 1543151671.37 1543151675.26 3884.40012932 3848
28 usuario19 1543151672.01 1543151678.31 6296.200037 6207
28 usuario18 1543151671.67 1543151675.05 3382.69996643 3340
28 usuario14 1543151671.87 1543151673.52 1651.89981461 1612
28 usuario16 1543151671.6 1543151673.71 2109.89999771 2081
28 usuario1 1543151671.13 1543151683.31 12176.5999794 12079
28 usuario12 1543151671.15 1543151674.01 2856.09984398 2805
28 usuario7 1543151671.1 1543151674.4 3304.30006981 3275
28 usuario13 1543151671.06 1543151680.68 9616.70017242 9521
28 usuario3 1543151671.1 1543151675.62 4521.00014687 4480
28 usuario8 1543151671.15 1543151677.92 6770.69997787 6666
28 usuario17 1543151671.81 1543151674.02 2213.20009232 2176
28 usuario4 1543151671.91 1543151678.42 6515.79999924 6418
28 usuario10 1543151671.02 1543151674.83 3806.49995804 3768
28 usuario22 1543151671.44 1543151673.87 2433.09998512 2388
28 usuario5 1543151671.64 1543151678.91 7266.49999619 7169
28 usuario15 1543151672.04 1543151675.28 3239.79997635 3198
29 usuario9 1543151684.14 1543151687.86 3715.69991112 3676
29 usuario2 1543151685.06 1543151688.97 3907.29999542 3858
29 usuario20 1543151684.06 1543151689.29 5228.00016403 5195
29 usuario21 1543151684.51 1543151685.94 1431.69999123 1393
29 usuario11 1543151684.57 1543151686.47 1898.09989929 1870
29 usuario6 1543151684.67 1543151687.19 2524.99985695 2486
29 usuario19 1543151684.56 1543151690.79 6226.30000114 6139
29 usuario18 1543151684.46 1543151688.65 4184.90004539 4147
29 usuario14 1543151685.05 1543151692.63 7577.3999691 7486
29 usuario16 1543151684.19 1543151687.96 3774.00016785 3736
29 usuario1 1543151684.41 1543151694.85 10441.4999485 10359
29 usuario12 1543151684.53 1543151689.08 4553.20000648 4507
29 usuario7 1543151684.85 1543151688.0 3147.39990234 3102
29 usuario13 1543151684.87 1543151687.82 2954.39982414 2905
29 usuario3 1543151685.02 1543151688.62 3597.50008583 3559
29 usuario8 1543151684.2 1543151688.86 4657.60016441 4619
29 usuario17 1543151684.49 1543151685.72 1227.49996185 1187
29 usuario4 1543151684.71 1543151702.01 17295.7000732 17199
29 usuario10 1543151684.26 1543151703.47 19210.6997967 19117
29 usuario22 1543151684.32 1543151685.75 1430.19986153 1404
29 usuario5 1543151684.19 1543151687.52 3329.20002937 3290
29 usuario15 1543151684.71 1543151694.35 9639.40000534 9537
30 usuario9 1543151704.63 1543151707.49 2857.59997368 2832
30 usuario2 1543151704.65 1543151707.43 2778.69987488 2738
30 usuario20 1543151705.03 1543151706.58 1543.09988022 1501
30 usuario21 1543151704.75 1543151707.29 2532.29999542 2497
30 usuario11 1543151704.22 1543151705.7 1482.10000992 1439
30 usuario6 1543151704.96 1543151707.63 2667.19985008 2628
30 usuario19 1543151704.34 1543151708.32 3977.09989548 3932
30 usuario18 1543151704.35 1543151706.71 2358.5999012 2316
30 usuario14 1543151704.15 1543151706.5 2356.49991035 2316
30 usuario16 1543151704.73 1543151711.99 7262.49980927 7192
30 usuario1 1543151704.27 1543151707.35 3072.49999046 3045
30 usuario12 1543151704.88 1543151707.23 2353.1999588 2313
30 usuario7 1543151704.83 1543151707.54 2712.20016479 2667
30 usuario13 1543151704.58 1543151705.85 1278.39994431 1233
30 usuario3 1543151704.28 1543151709.85 5574.50008392 5469
30 usuario8 1543151704.55 1543151706.92 2368.00003052 2329
30 usuario17 1543151704.47 1543151705.94 1467.50020981 1428
30 usuario4 1543151704.15 1543151714.19 10043.200016 9955
30 usuario10 1543151704.58 1543151730.71 26123.1000423 26046
30 usuario22 1543151704.58 1543151706.19 1611.70005798 1568
30 usuario5 1543151704.24 1543151708.0 3753.49998474 3713
30 usuario15 1543151704.85 1543151708.38 3529.59990501 3475
31 usuario9 1543151731.51 1543151734.69 3176.39994621 3136
31 usuario2 1543151731.44 1543151733.74 2298.79999161 2258
31 usuario20 1543151731.65 1543151733.88 2230.90004921 2190
31 usuario21 1543151731.32 1543151734.97 3646.19994164 3603
31 usuario11 1543151731.88 1543151733.08 1193.69983673 1152
31 usuario6 1543151731.59 1543151738.61 7017.09985733 6976
31 usuario19 1543151731.25 1543151735.52 4276.89981461 4235
31 usuario18 1543151731.78 1543151734.14 2361.1998558 2320
31 usuario14 1543151731.72 1543151733.91 2187.90006638 2159
31 usuario16 1543151731.89 1543151734.48 2591.30001068 2539
31 usuario1 1543151731.33 1543151750.0 18661.8998051 18597
31 usuario12 1543151731.31 1543151736.55 5243.70002747 5195
31 usuario7 1543151731.79 1543151735.08 3289.79992867 3246
31 usuario13 1543151732.15 1543151733.51 1356.69994354 1318
31 usuario3 1543151731.8 1543151736.34 4532.69982338 4502
31 usuario8 1543151731.94 1543151735.05 3111.69981956 3074
31 usuario17 1543151732.03 1543151733.87 1834.59997177 1794
31 usuario4 1543151731.94 1543151741.92 9979.20012474 9877
31 usuario10 1543151731.81 1543151733.89 2084.3000412 2059
31 usuario22 1543151731.45 1543151734.17 2717.20004082 2670
31 usuario5 1543151731.97 1543151740.1 8129.49991226 8089
31 usuario15 1543151731.39 1543151734.67 3279.99997139 3244
32 usuario9 1543151750.31 1543151753.64 3327.60000229 3303
32 usuario2 1543151750.48 1543151752.92 2443.79997253 2403
32 usuario20 1543151750.59 1543151757.04 6447.29995728 6354
32 usuario21 1543151750.65 1543151752.42 1766.80016518 1728
32 usuario11 1543151750.88 1543151753.29 2404.29997444 2368
32 usuario6 1543151751.16 1543151754.42 3260.99991798 3221
32 usuario19 1543151751.14 1543151753.9 2750.69999695 2715
32 usuario18 1543151750.94 1543151753.54 2600.10004044 2562
32 usuario14 1543151750.7 1543151751.91 1205.59978485 1167
32 usuario16 1543151751.21 1543151753.17 1958.40001106 1933
32 usuario1 1543151751.11 1543151754.1 2991.69993401 2967
32 usuario12 1543151751.22 1543151754.54 3317.69990921 3273
32 usuario7 1543151750.9 1543151752.98 2075.50001144 2022
32 usuario13 1543151750.25 1543151751.27 1019.59991455 980
32 usuario3 1543151750.92 1543151753.65 2723.10018539 2685
32 usuario8 1543151750.68 1543151753.82 3134.5000267 3088
32 usuario17 1543151750.56 1543151752.0 1432.60002136 1406
32 usuario4 1543151750.29 1543151759.04 8752.30002403 8654
32 usuario10 1543151750.58 1543151752.5 1915.00020027 1875
32 usuario22 1543151750.94 1543151752.57 1631.59990311 1583
32 usuario5 1543151750.58 1543151770.01 19431.7998886 19332
32 usuario15 1543151750.32 1543151753.85 3526.49998665 3488
33 usuario9 1543151770.35 1543151773.95 3598.79994392 3555
33 usuario2 1543151770.66 1543151778.34 7673.09999466 7597
33 usuario20 1543151770.69 1543151771.95 1261.89994812 1221
33 usuario21 1543151771.25 1543151773.08 1839.30015564 1791
33 usuario11 1543151771.03 1543151773.1 2076.40004158 2039
33 usuario6 1543151771.15 1543151776.85 5696.20013237 5651
33 usuario19 1543151770.57 1543151772.48 1908.90002251 1869
33 usuario18 1543151770.28 1543151772.7 2418.80011559 2375
33 usuario14 1543151770.75 1543151772.0 1258.59999657 1222
33 usuario16 1543151771.16 1543151774.06 2901.30019188 2863
33 usuario1 1543151770.91 1543151773.27 2359.80010033 2314
33 usuario12 1543151770.26 1543151777.18 6915.89999199 6873
33 usuario7 1543151770.84 1543151773.8 2963.4001255 2909
33 usuario13 1543151771.13 1543151772.44 1310.10007858 1266
33 usuario3 1543151770.42 1543151772.93 2507.999897 2472
33 usuario8 1543151770.49 1543151773.48 2995.8999157 2958
33 usuario17 1543151770.8 1543151773.6 2805.50003052 2776
33 usuario4 1543151770.57 1543151775.35 4777.40001678 4736
33 usuario10 1543151770.26 1543151788.98 18712.6998901 18636
33 usuario22 1543151770.51 1543151771.62 1111.99998856 1069
33 usuario5 1543151771.12 1543151776.19 5073.89998436 5047
33 usuario15 1543151770.54 1543151774.31 3768.39995384 3725
34 usuario9 1543151789.65 1543151793.3 3646.19994164 3620
34 usuario2 1543151789.87 1543151794.56 4686.20014191 4646
34 usuario20 1543151789.7 1543151790.97 1267.89999008 1228
34 usuario21 1543151789.86 1543151791.43 1569.29993629 1529
34 usuario11 1543151789.9 1543151793.87 3971.39978409 3924
34 usuario6 1543151789.36 1543151793.96 4600.19993782 4562
34 usuario19 1543151790.21 1543151792.39 2182.00016022 2143
34 usuario18 1543151789.49 1543151791.55 2058.5000515 2012
34 usuario14 1543151789.82 1543151790.83 1005.80000877 965
34 usuario16 1543151789.83 1543151796.96 7133.50009918 7021
34 usuario1 1543151789.99 1543151792.37 2382.60006905 2342
34 usuario12 1543151789.78 1543151792.74 2959.10000801 2914
34 usuario7 1543151789.48 1543151791.26 1775.89988708 1737
34 usuario13 1543151790.22 1543151791.4 1184.49997902 1147
34 usuario3 1543151789.68 1543151793.88 4194.00000572 4155
34 usuario8 1543151790.19 1543151793.2 3011.79981232 2987
34 usuario17 1543151789.32 1543151792.32 2994.89998817 2957
34 usuario4 1543151789.98 1543151798.22 8234.79986191 8191
34 usuario10 1543151790.09 1543151793.79 3705.29985428 3679
34 usuario22 1543151789.45 1543151791.44 1991.40000343 1943
34 usuario5 1543151789.84 1543151798.6 8754.09984589 8687
34 usuario15 1543151789.96 1543151794.6 4638.20004463 4601
35 usuario9 1543151799.59 1543151802.4 2814.59999084 2778
35 usuario2 1543151799.84 1543151805.04 5202.80003548 5157
35 usuario20 1543151799.34 1543151800.53 1183.3999157 1133
35 usuario21 1543151799.8 1543151801.41 1610.80002785 1572
35 usuario11 1543151800.16 1543151801.9 1744.69995499 1697
35 usuario6 1543151800.28 1543151803.83 3558.6001873 3517
35 usuario19 1543151799.7 1543151802.27 2562.10017204 2523
35 usuario18 1543151799.96 1543151802.33 2369.10009384 2326
35 usuario14 1543151800.27 1543151801.32 1046.39983177 1008
35 usuario16 1543151800.13 1543151802.83 2701.90000534 2662
35 usuario1 1543151799.7 1543151814.51 14810.1000786 14708
35 usuario12 1543151800.15 1543151802.57 2416.00012779 2375
35 usuario7 1543151799.66 1543151801.47 1812.70003319 1774
35 usuario13 1543151799.81 1543151800.98 1176.39994621 1136
35 usuario3 1543151800.16 1543151804.62 4462.49985695 4425
35 usuario8 1543151799.49 1543151802.22 2728.39999199 2689
35 usuario17 1543151799.61 1543151802.9 3288.70010376 3210
35 usuario4 1543151799.32 1543151802.75 3433.09998512 3404
35 usuario10 1543151800.09 1543151800.83 747.900009155 709
35 usuario22 1543151799.82 1543151801.46 1636.10005379 1597
35 usuario5 1543151799.69 1543151803.38 3687.70003319 3663
35 usuario15 1543151799.85 1543151803.47 3624.50003624 3581
36 usuario9 1543151815.98 1543151819.02 3036.7000103 3000
36 usuario2 1543151815.53 1543151823.28 7752.70009041 7702
36 usuario20 1543151816.21 1543151823.95 7738.70015144 7640
36 usuario21 1543151816.03 1543151817.26 1228.39999199 1162
36 usuario11 1543151815.57 1543151816.64 1069.20003891 1040
36 usuario6 1543151816.35 1543151822.98 6632.40003586 6566
36 usuario19 1543151815.9 1543151818.83 2934.20004845 2898
36 usuario18 1543151815.91 1543151817.93 2015.39993286 1973
36 usuario14 1543151815.94 1543151816.97 1025.59995651 986
36 usuario16 1543151815.39 1543151817.65 2267.40002632 2226
36 usuario1 1543151815.64 1543151818.42 2781.90016747 2756
36 usuario12 1543151816.19 1543151818.21 2018.90015602 1975
36 usuario7 1543151816.24 1543151819.19 2947.59988785 2897
36 usuario13 1543151815.64 1543151817.03 1390.79999924 1346
36 usuario3 1543151816.12 1543151819.08 2960.00003815 2921
36 usuario8 1543151815.82 1543151817.58 1755.3999424 1710
36 usuario17 1543151815.73 1543151816.98 1244.00019646 1203
36 usuario4 1543151816.3 1543151822.05 5748.10004234 5667
36 usuario10 1543151815.54 1543151817.07 1536.40007973 1495
36 usuario22 1543151816.11 1543151817.63 1518.8999176 1482
36 usuario5 1543151815.9 1543151820.76 4855.00001907 4816
36 usuario15 1543151815.98 1543151819.21 3229.7000885 3193
37 usuario9 1543151825.29 1543151829.03 3734.89999771 3697
37 usuario2 1543151824.4 1543151854.47 30074.8000145 29991
37 usuario20 1543151825.06 1543151828.82 3763.8001442 3738
37 usuario21 1543151824.64 1543151828.14 3499.59993362 3459
37 usuario11 1543151825.08 1543151826.26 1180.09996414 1136
37 usuario6 1543151825.11 1543151832.39 7279.29997444 7255
37 usuario19 1543151825.11 1543151828.38 3268.30005646 3232
37 usuario18 1543151825.28 1543151829.23 3951.60007477 3910
37 usuario14 1543151825.35 1543151827.03 1675.40001869 1636
37 usuario16 1543151825.0 1543151828.01 3011.0001564 2971
37 usuario1 1543151824.77 1543151829.3 4526.99995041 4467
37 usuario12 1543151824.54 1543151828.14 3608.29997063 3548
37 usuario7 1543151824.5 1543151829.79 5287.89997101 5215
37 usuario13 1543151824.51 1543151827.14 2628.30018997 2582
37 usuario3 1543151825.36 1543151828.19 2831.20012283 2794
37 usuario8 1543151824.91 1543151827.82 2907.7000618 2860
37 usuario17 1543151825.36 1543151827.19 1826.29990578 1785
37 usuario4 1543151825.24 1543151832.89 7653.50008011 7561
37 usuario10 1543151824.45 1543151825.5 1054.10003662 1004
37 usuario22 1543151824.99 1543151826.85 1858.20007324 1817
37 usuario5 1543151824.97 1543151829.29 4323.30012321 4283
37 usuario15 1543151824.46 1543151831.8 7341.70007706 7272
38 usuario9 1543151856.14 1543151858.78 2640.89989662 2603
38 usuario2 1543151855.59 1543151861.03 5438.19999695 5390
38 usuario20 1543151856.01 1543151858.72 2715.00015259 2675
38 usuario21 1543151856.38 1543151858.8 2412.40000725 2388
38 usuario11 1543151855.57 1543151856.8 1228.20019722 1192
38 usuario6 1543151856.43 1543151859.22 2792.90008545 2752
38 usuario19 1543151855.43 1543151857.21 1785.50004959 1749
38 usuario18 1543151856.44 1543151859.59 3146.10004425 3102
38 usuario14 1543151856.31 1543151858.63 2321.70009613 2278
38 usuario16 1543151856.19 1543151858.37 2178.60007286 2128
38 usuario1 1543151855.55 1543151870.41 14865.4000759 14766
38 usuario12 1543151856.36 1543151858.89 2526.20005608 2470
38 usuario7 1543151856.0 1543151863.59 7595.70002556 7492
38 usuario13 1543151855.8 1543151857.22 1413.19990158 1366
38 usuario3 1543151856.34 1543151859.77 3429.80003357 3392
38 usuario8 1543151855.97 1543151863.55 7572.59988785 7497
38 usuario17 1543151856.43 1543151858.11 1674.29995537 1629
38 usuario4 1543151855.89 1543151859.43 3539.40010071 3499
38 usuario10 1543151855.81 1543151856.89 1081.19988441 1034
38 usuario22 1543151856.13 1543151857.78 1644.29998398 1601
38 usuario5 1543151856.43 1543151862.22 5789.2999649 5750
38 usuario15 1543151855.81 1543151859.83 4018.8999176 3980
39 usuario9 1543151871.34 1543151873.79 2451.59983635 2380
39 usuario2 1543151870.51 1543151873.59 3082.00001717 3041
39 usuario20 1543151871.27 1543151875.57 4299.90005493 4250
39 usuario21 1543151871.36 1543151873.24 1880.30004501 1836
39 usuario11 1543151870.47 1543151871.82 1349.3001461 1311
39 usuario6 1543151870.72 1543151874.15 3421.40007019 3373
39 usuario19 1543151870.75 1543151872.68 1928.70020866 1886
39 usuario18 1543151871.1 1543151873.27 2166.59998894 2118
39 usuario14 1543151871.21 1543151873.17 1964.90001678 1913
39 usuario16 1543151870.93 1543151873.69 2760.29992104 2721
39 usuario1 1543151870.47 1543151879.8 9329.49995995 9277
39 usuario12 1543151871.49 1543151873.49 1995.59998512 1954
39 usuario7 1543151870.97 1543151872.94 1971.99988365 1926
39 usuario13 1543151870.8 1543151872.51 1710.40010452 1657
39 usuario3 1543151871.24 1543151874.07 2831.69984818 2789
39 usuario8 1543151870.89 1543151873.32 2428.79986763 2390
39 usuario17 1543151870.7 1543151878.47 7768.39995384 7726
39 usuario4 1543151870.91 1543151874.53 3618.70002747 3580
39 usuario10 1543151870.55 1543151872.69 2145.60008049 2101
39 usuario22 1543151871.41 1543151873.18 1771.900177 1735
39 usuario5 1543151870.61 1543151873.26 2646.89993858 2605
39 usuario15 1543151871.36 1543151874.12 2763.59987259 2720
40 usuario9 1543151881.15 1543151884.4 3247.0998764 3209
40 usuario2 1543151880.91 1543151892.71 11794.1999435 11700
40 usuario20 1543151880.85 1543151882.42 1572.79992104 1508
40 usuario21 1543151880.63 1543151882.54 1911.5998745 1870
40 usuario11 1543151881.27 1543151882.43 1161.99994087 1122
40 usuario6 1543151881.48 1543151883.89 2413.89989853 2364
40 usuario19 1543151881.02 1543151882.75 1727.49996185 1683
40 usuario18 1543151880.61 1543151882.45 1843.40000153 1803
40 usuario14 1543151880.55 1543151884.45 3905.99989891 3867
40 usuario16 1543151881.05 1543151883.62 2572.99995422 2534
40 usuario1 1543151880.89 1543151883.59 2693.60017776 2656
40 usuario12 1543151880.86 1543151882.77 1908.49995613 1847
40 usuario7 1543151881.4 1543151883.84 2443.89986992 2403
40 usuario13 1543151880.87 1543151882.3 1431.80012703 1387
40 usuario3 1543151881.4 1543151886.66 5268.39995384 5223
40 usuario8 1543151880.63 1543151884.74 4106.49991035 4065
40 usuario17 1543151880.6 1543151882.34 1738.0001545 1701
40 usuario4 1543151880.83 1543151886.21 5383.20016861 5284
40 usuario10 1543151881.09 1543151882.92 1832.49998093 1789
40 usuario22 1543151881.53 1543151883.21 1681.09989166 1636
40 usuario5 1543151880.59 1543151886.75 6166.59998894 6068
40 usuario15 1543151881.44 1543151884.35 2909.30008888 2861
41 usuario9 1543151893.81 1543151897.65 3839.20001984 3797
41 usuario2 1543151893.81 1543151901.97 8161.99994087 8136
41 usuario20 1543151894.0 1543151895.98 1982.59997368 1939
41 usuario21 1543151894.11 1543151896.2 2086.40003204 2042
41 usuario11 1543151893.97 1543151895.26 1289.2999649 1247
41 usuario6 1543151894.35 1543151897.54 3189.49985504 3148
41 usuario19 1543151894.23 1543151896.39 2154.30021286 2113
41 usuario18 1543151894.07 1543151895.82 1746.0000515 1709
41 usuario14 1543151893.92 1543151895.9 1979.39991951 1927
41 usuario16 1543151894.05 1543151896.49 2431.20002747 2391
41 usuario1 1543151894.1 1543151898.06 3961.8999958 3919
41 usuario12 1543151894.3 1543151896.79 2491.49990082 2448
41 usuario7 1543151894.41 1543151896.59 2181.59985542 2137
41 usuario13 1543151893.93 1543151895.83 1903.10001373 1859
41 usuario3 1543151894.01 1543151923.57 29555.5000305 29460
41 usuario8 1543151894.15 1543151896.23 2081.79998398 2025
41 usuario17 1543151893.82 1543151895.24 1417.99998283 1380
41 usuario4 1543151893.55 1543151902.05 8495.39995193 8397
41 usuario10 1543151894.53 1543151896.0 1472.8000164 1426
41 usuario22 1543151893.71 1543151895.63 1924.09992218 1867
41 usuario5 1543151894.09 1543151896.73 2644.09995079 2604
41 usuario15 1543151893.76 1543151899.22 5462.79978752 5374
42 usuario9 1543151923.81 1543151927.42 3601.99999809 3558
42 usuario2 1543151923.99 1543151932.3 8310.60004234 8268
42 usuario20 1543151924.57 1543151926.26 1686.00010872 1641
42 usuario21 1543151924.45 1543151926.25 1794.60000992 1752
42 usuario11 1543151924.66 1543151926.06 1400.70009232 1340
42 usuario6 1543151923.64 1543151927.13 3491.09983444 3457
42 usuario19 1543151924.56 1543151928.29 3733.99996758 3695
42 usuario18 1543151924.03 1543151926.04 2009.70005989 1959
42 usuario14 1543151924.23 1543151925.93 1697.79992104 1654
42 usuario16 1543151924.64 1543151926.74 2095.49999237 2051
42 usuario1 1543151924.25 1543151934.69 10444.7999001 10344
42 usuario12 1543151923.98 1543151927.89 3915.89999199 3849
42 usuario7 1543151923.96 1543151925.99 2028.10001373 1982
42 usuario13 1543151924.28 1543151925.62 1341.09997749 1301
42 usuario3 1543151924.66 1543151928.03 3367.79999733 3343
42 usuario8 1543151924.35 1543151925.86 1505.99980354 1468
42 usuario17 1543151924.5 1543151927.23 2726.19986534 2691
42 usuario4 1543151923.98 1543151929.64 5657.7000618 5617
42 usuario10 1543151924.2 1543151926.3 2099.99990463 2053
42 usuario22 1543151923.84 1543151925.08 1248.6000061 1208
42 usuario5 1543151923.85 1543151927.17 3325.29997826 3288
42 usuario15 1543151924.21 1543151927.21 3001.89995766 2965
43 usuario9 1543151935.8 1543151942.92 7119.89998817 7040
43 usuario2 1543151936.52 1543151939.53 3009.99999046 2970
43 usuario20 1543151935.71 1543151939.2 3490.6001091 3446
43 usuario21 1543151935.73 1543151937.68 1950.20008087 1904
43 usuario11 1543151936.59 1543151937.69 1101.30000114 1053
43 usuario6 1543151936.54 1543151948.41 11865.9999371 11769
43 usuario19 1543151936.64 1543151938.79 2147.79996872 2112
43 usuario18 1543151936.63 1543151939.02 2386.69991493 2344
43 usuario14 1543151936.37 1543151938.19 1821.30002975 1765
43 usuario16 1543151936.17 1543151938.53 2353.50012779 2316
43 usuario1 1543151935.8 1543151941.93 6131.39986992 6089
43 usuario12 1543151936.31 1543151938.74 2438.80009651 2384
43 usuario7 1543151936.5 1543151938.95 2452.89993286 2394
43 usuario13 1543151936.09 1543151937.42 1322.90005684 1285
43 usuario3 1543151936.4 1543151959.08 22680.9000969 22588
43 usuario8 1543151936.29 1543151940.09 3803.20000648 3765
43 usuario17 1543151936.63 1543151937.76 1137.79997826 1101
43 usuario4 1543151935.92 1543151941.88 5954.80012894 5863
43 usuario10 1543151935.78 1543151940.44 4656.3000679 4612
43 usuario22 1543151935.91 1543151937.06 1146.89993858 1107
43 usuario5 1543151936.58 1543151941.07 4489.39990997 4449
43 usuario15 1543151936.63 1543151938.73 2096.19998932 2058
44 usuario9 1543151960.65 1543151966.09 5438.60006332 5346
44 usuario2 1543151960.44 1543151967.84 7399.49989319 7305
44 usuario20 1543151960.12 1543151960.85 737.800121307 677
44 usuario21 1543151959.71 1543151961.17 1459.69986916 1418
44 usuario11 1543151959.73 1543151961.61 1871.20008469 1845
44 usuario6 1543151959.93 1543151962.89 2960.09993553 2915
44 usuario19 1543151960.64 1543151962.29 1649.69992638 1612
44 usuario18 1543151959.95 1543151963.18 3225.6000042 3185
44 usuario14 1543151960.17 1543151961.79 1625.69999695 1583
44 usuario16 1543151960.44 1543151962.31 1872.69997597 1833
44 usuario1 1543151960.75 1543151962.88 2132.999897 2092
44 usuario12 1543151960.74 1543151962.79 2050.79984665 2010
44 usuario7 1543151960.13 1543151962.53 2400.39992332 2355
44 usuario13 1543151960.43 1543151961.84 1410.40015221 1369
44 usuario3 1543151960.18 1543151964.17 3992.30003357 3959
44 usuario8 1543151959.92 1543151963.9 3979.79998589 3941
44 usuario17 1543151960.7 1543151963.42 2715.30008316 2675
44 usuario4 1543151960.66 1543151964.16 3507.29990005 3462
44 usuario10 1543151960.34 1543151963.49 3150.70009232 3107
44 usuario22 1543151960.13 1543151961.65 1522.20010757 1482
44 usuario5 1543151959.84 1543151962.25 2415.40002823 2372
44 usuario15 1543151960.59 1543151963.52 2931.90002441 2906
45 usuario9 1543151969.24 1543151972.18 2931.40006065 2892
45 usuario2 1543151968.94 1543151974.22 5287.40000725 5246
45 usuario20 1543151969.25 1543151970.01 758.500099182 717
45 usuario21 1543151969.57 1543151974.43 4860.09979248 4813
45 usuario11 1543151968.97 1543151970.37 1404.7999382 1347
45 usuario6 1543151969.19 1543151971.93 2736.39988899 2693
45 usuario19 1543151969.6 1543151971.13 1529.89983559 1491
45 usuario18 1543151969.51 1543151971.31 1806.90002441 1763
45 usuario14 1543151969.11 1543151970.71 1603.39999199 1558
45 usuario16 1543151969.65 1543151971.28 1629.29987907 1591
45 usuario1 1543151969.2 1543151972.07 2872.10011482 2833
45 usuario12 1543151969.29 1543151971.26 1965.10004997 1920
45 usuario7 1543151968.9 1543151971.39 2492.000103 2434
45 usuario13 1543151969.27 1543151974.88 5608.00004005 5566
45 usuario3 1543151969.4 1543151980.65 11245.6998825 11148
45 usuario8 1543151969.16 1543151979.24 10084.400177 9989
45 usuario17 1543151969.71 1543151972.3 2586.19999886 2548
45 usuario4 1543151969.42 1543151973.16 3735.00013351 3694
45 usuario10 1543151968.74 1543151971.7 2958.79983902 2916
45 usuario22 1543151969.04 1543151970.16 1115.20004272 1065
45 usuario5 1543151969.61 1543151972.97 3357.00011253 3317
45 usuario15 1543151968.77 1543151971.66 2882.49993324 2845
46 usuario9 1543151981.62 1543151993.87 12250.9000301 12156
46 usuario2 1543151981.56 1543151987.87 6309.40008163 6210
46 usuario20 1543151981.56 1543151982.62 1065.80018997 1021
46 usuario21 1543151981.81 1543151983.88 2069.70000267 2021
46 usuario11 1543151980.89 1543151982.38 1492.39993095 1463
46 usuario6 1543151981.33 1543151984.55 3217.70000458 3191
46 usuario19 1543151981.56 1543151983.36 1792.00005531 1751
46 usuario18 1543151981.81 1543151983.8 1992.69986153 1951
46 usuario14 1543151981.26 1543151983.81 2555.89985847 2511
46 usuario16 1543151981.78 1543151984.46 2686.1000061 2645
46 usuario1 1543151981.5 1543151985.7 4194.5002079 4152
46 usuario12 1543151981.81 1543151985.89 4077.3999691 4030
46 usuario7 1543151980.86 1543151985.16 4292.50001907 4233
46 usuario13 1543151981.19 1543151985.93 4736.59992218 4693
46 usuario3 1543151981.74 1543151997.45 15708.1000805 15623
46 usuario8 1543151981.41 1543151993.89 12484.7002029 12399
46 usuario17 1543151981.72 1543151983.42 1695.39999962 1656
46 usuario4 1543151981.51 1543151988.83 7312.00003624 7228
46 usuario10 1543151981.12 1543151991.9 10786.2000465 10678
46 usuario22 1543151981.7 1543151983.63 1929.39996719 1877
46 usuario5 1543151981.33 1543151984.39 3060.19997597 3020
46 usuario15 1543151981.11 1543151983.24 2125.80013275 2087
47 usuario9 1543151998.09 1543152002.49 4401.70001984 4368
47 usuario2 1543151998.31 1543152004.47 6152.20022202 6105
47 usuario20 1543151998.42 1543151999.85 1434.5998764 1393
47 usuario21 1543151998.51 1543152001.04 2529.70004082 2490
47 usuario11 1543151998.09 1543151999.65 1563.80009651 1526
47 usuario6 1543151998.21 1543152002.22 4017.89999008 3991
47 usuario19 1543151997.94 1543152000.02 2087.49985695 2043
47 usuario18 1543151998.51 1543152000.39 1880.59997559 1839
47 usuario14 1543151998.47 1543152000.07 1601.40013695 1559
47 usuario16 1543151998.1 1543152001.79 3694.29993629 3652
47 usuario1 1543151998.26 1543152000.43 2175.99987984 2137
47 usuario12 1543151998.47 1543152001.35 2877.39992142 2833
47 usuario7 1543151998.79 1543152001.56 2769.99998093 2725
47 usuario13 1543151998.56 1543152003.41 4852.1001339 4792
47 usuario3 1543151998.55 1543152000.82 2272.49979973 2246
47 usuario8 1543151998.1 1543152002.14 4038.20014 3990
47 usuario17 1543151998.1 1543152002.64 4536.49997711 4493
47 usuario4 1543151998.28 1543152001.2 2926.19991302 2885
47 usuario10 1543151998.21 1543152000.07 1863.50011826 1835
47 usuario22 1543151998.32 1543151999.39 1065.59991837 1022
47 usuario5 1543151997.99 1543152001.57 3580.09982109 3540
47 usuario15 1543151997.86 1543152001.16 3301.69987679 3273
48 usuario9 1543152005.66 1543152010.83 5178.69997025 5137
48 usuario2 1543152005.58 1543152009.32 3739.30001259 3697
48 usuario20 1543152005.13 1543152005.81 678.699970245 637
48 usuario21 1543152005.28 1543152007.49 2215.00015259 2168
48 usuario11 1543152004.92 1543152006.06 1134.40012932 1086
48 usuario6 1543152005.41 1543152007.35 1944.09990311 1893
48 usuario19 1543152005.26 1543152007.18 1917.00005531 1880
48 usuario18 1543152005.67 1543152007.73 2066.40005112 2012
48 usuario14 1543152005.33 1543152007.2 1876.79982185 1828
48 usuario16 1543152004.96 1543152006.94 1981.49991035 1924
48 usuario1 1543152005.69 1543152008.78 3096.39978409 3051
48 usuario12 1543152005.59 1543152007.25 1655.60007095 1615
48 usuario7 1543152005.82 1543152008.24 2421.60010338 2373
48 usuario13 1543152005.54 1543152007.9 2362.90001869 2309
48 usuario3 1543152005.03 1543152015.6 10567.6999092 10468
48 usuario8 1543152005.4 1543152010.24 4833.29987526 4793
48 usuario17 1543152005.89 1543152010.61 4710.09993553 4680
48 usuario4 1543152005.43 1543152008.63 3203.80020142 3165
48 usuario10 1543152005.34 1543152009.32 3980.29994965 3931
48 usuario22 1543152005.72 1543152007.47 1751.10006332 1710
48 usuario5 1543152005.77 1543152011.21 5446.09999657 5402
48 usuario15 1543152005.38 1543152007.26 1886.69991493 1844
49 usuario9 1543152016.08 1543152018.92 2835.90006828 2787
49 usuario2 1543152016.64 1543152018.76 2121.59991264 2082
49 usuario20 1543152016.47 1543152017.26 790.000200272 749
49 usuario21 1543152015.95 1543152018.14 2187.5 2143
49 usuario11 1543152016.56 1543152017.95 1391.09992981 1345
49 usuario6 1543152016.76 1543152026.42 9664.49999809 9568
49 usuario19 1543152016.59 1543152018.16 1567.39997864 1522
49 usuario18 1543152016.12 1543152018.14 2011.49988174 1964
49 usuario14 1543152016.72 1543152018.32 1592.80014038 1553
49 usuario16 1543152016.36 1543152017.79 1429.30006981 1387
49 usuario1 1543152016.13 1543152022.28 6151.20005608 6062
49 usuario12 1543152016.71 1543152016.96 251.399993896 226
49 usuario7 1543152016.64 1543152019.97 3330.89995384 3285
49 usuario13 1543152016.32 1543152017.91 1588.50002289 1542
49 usuario3 1543152016.7 1543152019.29 2591.10021591 2562
49 usuario8 1543152016.5 1543152021.87 5365.20004272 5327
49 usuario17 1543152015.9 1543152017.77 1870.8999157 1833
49 usuario4 1543152015.95 1543152019.06 3111.59992218 3074
49 usuario10 1543152016.72 1543152019.72 3005.80000877 2981
49 usuario22 1543152015.96 1543152017.02 1057.60002136 1026
49 usuario5 1543152016.48 1543152021.77 5286.49997711 5194
49 usuario15 1543152016.68 1543152019.38 2705.59978485 2667
50 usuario9 1543152027.34 1543152029.86 2521.39997482 2480
50 usuario2 1543152027.15 1543152030.06 2913.90013695 2875
50 usuario20 1543152027.76 1543152029.84 2081.79998398 2019
50 usuario21 1543152027.6 1543152029.12 1526.99995041 1486
50 usuario11 1543152027.38 1543152028.66 1281.89992905 1240
50 usuario6 1543152027.52 1543152029.27 1755.3999424 1718
50 usuario19 1543152027.54 1543152029.41 1868.70002747 1831
50 usuario18 1543152027.62 1543152030.14 2521.50011063 2478
50 usuario14 1543152027.79 1543152029.48 1690.99998474 1649
50 usuario16 1543152027.22 1543152028.66 1442.00015068 1396
50 usuario1 1543152027.55 1543152037.88 10335.3998661 10236
50 usuario12 1543152027.39 1543152027.64 248.399972916 204
50 usuario7 1543152027.5 1543152030.94 3444.79990005 3397
50 usuario13 1543152027.4 1543152029.23 1821.90012932 1794
50 usuario3 1543152027.68 1543152029.58 1908.80012512 1865
50 usuario8 1543152027.11 1543152029.43 2322.20005989 2286
50 usuario17 1543152027.19 1543152029.25 2064.39995766 2019
50 usuario4 1543152027.44 1543152029.96 2522.20010757 2475
50 usuario10 1543152027.05 1543152029.79 2740.59987068 2702
50 usuario22 1543152027.51 1543152028.67 1159.10005569 1118
50 usuario5 1543152027.01 1543152031.78 4767.19999313 4730
50 usuario15 1543152027.78 1543152029.91 2133.30006599 2095
