round user time_start time_end time_php time_js
1 usuario13 1462972799.23 1462972790.96 -8271.99983597 3385
1 usuario10 1462972799.29 1462972792.04 -7252.09999084 4791
1 usuario2 1462972799.24 1462972799.21 -31.8999290466 11681
1 usuario7 1462972799.52 1462972795.26 -4260.49995422 8471
1 usuario9 1462972799.54 1462972796.42 -3120.69988251 9230
1 usuario15 1462972798.65 1462972796.54 -2108.29997063 9694
1 usuario1 1462972799.11 1462972791.86 -7247.60007858 4399
1 usuario11 1462972798.56 1462972792.35 -6208.80007744 5706
1 usuario6 1462972798.99 1462972792.78 -6215.19994736 5533
1 usuario8 1462972798.83 1462972793.66 -5166.89991951 6606
1 usuario12 1462972799.34 1462972797.19 -2154.60014343 9703
1 usuario5 1462972798.64 1462972794.46 -4184.20004845 7356
1 usuario16 1462972799.06 1462972794.9 -4163.30003738 7600
1 usuario14 1462972798.91 1462972793.73 -5186.59996986 6376
1 usuario3 1462972798.57 1462972793.35 -5217.10014343 6387
1 usuario4 1462972799.48 1462972793.14 -6334.3000412 5722
2 usuario13 1462972822.63 1462972808.14 -14487.2000217 7820
2 usuario10 1462972822.65 1462972811.31 -11341.7999744 10938
2 usuario2 1462972822.86 1462972807.35 -15510.6999874 7036
2 usuario7 1462972822.98 1462972814.53 -8446.69985771 13917
2 usuario9 1462972822.89 1462972811.5 -11386.6000175 10899
2 usuario15 1462972823.33 1462972813.99 -9331.3999176 14278
2 usuario1 1462972822.98 1462972805.46 -17516.2000656 5259
2 usuario11 1462972823.06 1462972802.4 -20655.1001072 2773
2 usuario6 1462972822.65 1462972806.14 -16504.6999454 6088
2 usuario8 1462972823.55 1462972807.04 -16511.3999844 7129
2 usuario12 1462972822.9 1462972822.85 -52.60014534 22383
2 usuario5 1462972823.37 1462972806.81 -16555.7000637 7113
2 usuario16 1462972823.42 1462972805.84 -17576.2999058 5714
2 usuario14 1462972822.95 1462972808.5 -14445.8999634 8527
2 usuario3 1462972823.21 1462972803.6 -19616.300106 3975
2 usuario4 1462972822.75 1462972810.11 -12644.7000504 9518
3 usuario13 1462972845.7 1462972828.18 -17526.4000893 4490
3 usuario10 1462972846.37 1462972827.77 -18601.4997959 4056
3 usuario2 1462972845.71 1462972833.32 -12390.0001049 9397
3 usuario7 1462972846.46 1462972830.59 -15865.7000065 6525
3 usuario9 1462972846.28 1462972841.09 -5194.79990005 17134
3 usuario15 1462972845.81 1462972830.34 -15470.9999561 5952
3 usuario1 1462972846.64 1462972830.04 -16594.1998959 6002
3 usuario11 1462972846.07 1462972827.49 -18575.5999088 3376
3 usuario6 1462972845.79 1462972829.27 -16512.0999813 5569
3 usuario8 1462972845.65 1462972828.12 -17527.4999142 3516
3 usuario12 1462972846.46 1462972846.42 -40.2998924255 22419
3 usuario5 1462972845.64 1462972836.25 -9391.299963 11827
3 usuario16 1462972845.91 1462972828.35 -17562.6001358 3870
3 usuario14 1462972846.18 1462972831.74 -14439.5999908 7730
3 usuario3 1462972846.49 1462972828.94 -17543.9999104 4674
3 usuario4 1462972846.3 1462972827.35 -18944.8001385 3498
4 usuario13 1462972871.51 1462972849.8 -21709.400177 3046
4 usuario10 1462972871.43 1462972853.9 -17528.7001133 6473
4 usuario2 1462972871.46 1462972849.73 -21730.7999134 2959
4 usuario7 1462972870.92 1462972852.99 -17928.3001423 5422
4 usuario9 1462972871.08 1462972860.74 -10336.0998631 13402
4 usuario15 1462972870.91 1462972861.6 -9304.30006981 14737
4 usuario1 1462972870.73 1462972852.16 -18577.9001713 4463
4 usuario11 1462972870.86 1462972852.3 -18560.2998734 5172
4 usuario6 1462972871.51 1462972849.55 -21955.9998512 2711
4 usuario8 1462972871.44 1462972852.88 -18564.7997856 6156
4 usuario12 1462972870.82 1462972857.07 -13747.0002174 9501
4 usuario5 1462972871.27 1462972853.67 -17600.6000042 5873
4 usuario16 1462972870.93 1462972853.39 -17536.4999771 6423
4 usuario14 1462972870.81 1462972870.79 -26.0000228882 23546
4 usuario3 1462972871.71 1462972849.98 -21729.7999859 2429
4 usuario4 1462972871.28 1462972856.45 -14833.8999748 9069
5 usuario13 1462972899.09 1462972875.31 -23781.6998959 2738
5 usuario10 1462972898.93 1462972877.28 -21651.9999504 4793
5 usuario2 1462972899.2 1462972876.52 -22683.2001209 4010
5 usuario7 1462972899.78 1462972877.53 -22251.8000603 5527
5 usuario9 1462972899.37 1462972887.98 -11385.8001232 15846
5 usuario15 1462972899.59 1462972877.85 -21742.8998947 5882
5 usuario1 1462972898.95 1462972879.38 -19575.9000778 7561
5 usuario11 1462972899.15 1462972876.4 -22748.0998039 4485
5 usuario6 1462972899.53 1462972874.78 -24743.7000275 2223
5 usuario8 1462972899.11 1462972883.64 -15470.9000587 11129
5 usuario12 1462972899.3 1462972899.26 -42.7000522614 27328
5 usuario5 1462972899.62 1462972880.97 -18649.29986 8634
5 usuario16 1462972899.47 1462972877.74 -21731.6000462 5745
5 usuario14 1462972899.52 1462972897.41 -2104.79998589 25517
5 usuario3 1462972899.29 1462972875.55 -23742.399931 2763
5 usuario4 1462972899.8 1462972878.75 -21048.7000942 6373
6 usuario13 1462972919.04 1462972911.75 -7290.8000946 11592
6 usuario10 1462972919.25 1462972903.77 -15478.8000584 3779
6 usuario2 1462972919.29 1462972917.17 -2112.90001869 16909
6 usuario7 1462972919.57 1462972919.53 -32.0000648499 18622
6 usuario9 1462972919.1 1462972908.78 -10319.0999031 8298
6 usuario15 1462972918.87 1462972914.69 -4179.19993401 14038
6 usuario1 1462972919.06 1462972905.65 -13408.4999561 5642
6 usuario11 1462972919.09 1462972902.52 -16565.5999184 2310
6 usuario6 1462972919.74 1462972903.22 -16522.2001076 2642
6 usuario8 1462972919.77 1462972917.65 -2115.30017853 17482
6 usuario12 1462972919.44 1462972910.99 -8456.09998703 10592
6 usuario5 1462972919.17 1462972903.61 -15558.0999851 2933
6 usuario16 1462972918.86 1462972906.47 -12389.7001743 5946
6 usuario14 1462972918.96 1462972911.69 -7268.00012589 11113
6 usuario3 1462972919.83 1462972902.82 -17011.6000175 2470
6 usuario4 1462972919.62 1462972904.72 -14899.3999958 3822
7 usuario13 1462972939.2 1462972922.7 -16500.6999969 2604
7 usuario10 1462972939.51 1462972924.02 -15483.9000702 3717
7 usuario2 1462972939.22 1462972935.04 -4182.30009079 14686
7 usuario7 1462972939.81 1462972926.06 -13748.3000755 5407
7 usuario9 1462972939.86 1462972929.54 -10318.3000088 9385
7 usuario15 1462972939.68 1462972939.65 -28.1000137329 19724
7 usuario1 1462972938.9 1462972924.43 -14472.5999832 4309
7 usuario11 1462972939.26 1462972924.78 -14479.5999527 4633
7 usuario6 1462972939.77 1462972928.41 -11357.2001457 7593
7 usuario8 1462972939.43 1462972928.08 -11350.8999348 7251
7 usuario12 1462972939.18 1462972937.03 -2147.40014076 16460
7 usuario5 1462972939.87 1462972925.31 -14562.5 5075
7 usuario16 1462972939.17 1462972927.8 -11371.9000816 7868
7 usuario14 1462972939.83 1462972925.37 -14456.3000202 5353
7 usuario3 1462972939.57 1462972923.05 -16518.900156 2156
7 usuario4 1462972939.43 1462972933.06 -6368.49999428 12309
8 usuario13 1462972961.61 1462972943.63 -17983.2000732 3371
8 usuario10 1462972961.94 1462972943.35 -18597.2001553 2777
8 usuario2 1462972961.1 1462972956.92 -4179.69989777 16641
8 usuario7 1462972961.37 1462972961.32 -49.8998165131 20404
8 usuario9 1462972961.86 1462972951.54 -10325.9999752 10617
8 usuario15 1462972961.52 1462972944.99 -16528.8999081 4225
8 usuario1 1462972961.8 1462972942.2 -19598.1998444 2184
8 usuario11 1462972961.46 1462972945.99 -15476.3998985 5674
8 usuario6 1462972961.22 1462972943.6 -17620.6998825 2774
8 usuario8 1462972961.57 1462972946.09 -15486.8998528 5599
8 usuario12 1462972961.72 1462972955.36 -6363.30008507 15067
8 usuario5 1462972961.78 1462972946.08 -15700.1998425 5073
8 usuario16 1462972961.83 1462972950.46 -11374.0000725 10218
8 usuario14 1462972961.53 1462972942.95 -18572.9999542 2073
8 usuario3 1462972961.12 1462972942.56 -18566.9999123 1935
8 usuario4 1462972961.64 1462972950.34 -11303.0998707 9802
9 usuario13 1462972975.85 1462972974.76 -1082.9000473 12092
9 usuario10 1462972975.01 1462972964.67 -10339.099884 1666
9 usuario2 1462972975.23 1462972965.93 -9304.90016937 3771
9 usuario7 1462972975.61 1462972968.19 -7425.99987984 5733
9 usuario9 1462972975.18 1462972971.02 -4162.89997101 8100
9 usuario15 1462972975.71 1462972974.62 -1084.70010757 12047
9 usuario1 1462972975.61 1462972965.28 -10335.5000019 2416
9 usuario11 1462972975.83 1462972975.79 -32.7000617981 13271
9 usuario6 1462972975.39 1462972970.18 -5201.60007477 7906
9 usuario8 1462972975.26 1462972965.96 -9303.39980125 3279
9 usuario12 1462972975.65 1462972971.37 -4275.6998539 8559
9 usuario5 1462972975.47 1462972971.24 -4224.79987144 8397
9 usuario16 1462972975.58 1462972967.3 -8287.50014305 4382
9 usuario14 1462972975.07 1462972965.75 -9320.29986382 3159
9 usuario3 1462972975.13 1462972964.78 -10348.5000134 2592
9 usuario4 1462972975.19 1462972969.87 -5321.00009918 7118
10 usuario13 1462972998.25 1462972978.57 -19682.500124 1664
10 usuario10 1462972998.58 1462972978.84 -19741.5997982 2770
10 usuario2 1462972998.69 1462972980.13 -18563.6999607 3839
10 usuario7 1462972998.3 1462972998.27 -28.8000106812 21494
10 usuario9 1462972998.12 1462972984.72 -13407.8001976 8471
10 usuario15 1462972998.63 1462972985.21 -13420.3000069 8427
10 usuario1 1462972999.04 1462972981.36 -17682.2001934 4695
10 usuario11 1462972998.53 1462972983.03 -15494.8000908 6120
10 usuario6 1462972998.96 1462972981.43 -17528.2001495 4991
10 usuario8 1462972998.42 1462972993.22 -5195.99986076 16902
10 usuario12 1462972999.01 1462972985.33 -13675.5001545 8597
10 usuario5 1462972998.59 1462972988.22 -10370.1000214 11693
10 usuario16 1462972998.2 1462972980.66 -17538.6002064 4024
10 usuario14 1462972998.75 1462972979.18 -19570.6000328 3050
10 usuario3 1462972998.19 1462972979.47 -18723.8001823 3276
10 usuario4 1462972998.15 1462972980.17 -17978.399992 3875
11 usuario13 1462973013.28 1462973006.04 -7240.70000648 6728
11 usuario10 1462973014.08 1462973001.69 -12394.0000534 2052
11 usuario2 1462973013.68 1462973002.32 -11357.1999073 2570
11 usuario7 1462973013.57 1462973011.4 -2167.29998589 11978
11 usuario9 1462973013.65 1462973004.27 -9383.59999657 5084
11 usuario15 1462973013.64 1462973008.44 -5201.49993896 8755
11 usuario1 1462973013.72 1462973004.42 -9300.80008507 4315
11 usuario11 1462973013.55 1462973008.43 -5122.79987335 8806
11 usuario6 1462973013.17 1462973003.85 -9318.30000877 3836
11 usuario8 1462973013.54 1462973004.22 -9321.59996033 4744
11 usuario12 1462973013.42 1462973007.0 -6419.50011253 6888
11 usuario5 1462973013.64 1462973012.57 -1066.99991226 12895
11 usuario16 1462973013.43 1462973013.39 -34.3000888824 14122
11 usuario14 1462973013.7 1462973003.37 -10326.9000053 3560
11 usuario3 1462973013.96 1462973002.59 -11375.2999306 3336
11 usuario4 1462973013.51 1462973005.02 -8490.79990387 5774
12 usuario13 1462973038.31 1462973025.92 -12398.900032 11570
12 usuario10 1462973038.91 1462973024.46 -14448.6999512 9314
12 usuario2 1462973038.54 1462973026.15 -12388.0000114 11414
12 usuario7 1462973038.12 1462973016.93 -21194.2999363 2264
12 usuario9 1462973039.01 1462973022.5 -16509.5000267 7790
12 usuario15 1462973039.01 1462973038.99 -24.5001316071 24249
12 usuario1 1462973038.31 1462973016.62 -21691.7998791 1841
12 usuario11 1462973038.79 1462973017.15 -21641.299963 2545
12 usuario6 1462973039.06 1462973017.35 -21707.9999447 3123
12 usuario8 1462973038.48 1462973025.06 -13421.7998981 10461
12 usuario12 1462973038.94 1462973023.04 -15897.7000713 8513
12 usuario5 1462973038.23 1462973018.42 -19811.8000031 3716
12 usuario16 1462973038.78 1462973021.13 -17650.0999928 6619
12 usuario14 1462973038.26 1462973017.65 -20609.6999645 2896
12 usuario3 1462973038.61 1462973018.97 -19630.8999062 3954
12 usuario4 1462973038.92 1462973017.85 -21076.9999027 3255
13 usuario13 1462973051.28 1462973044.01 -7262.09998131 4637
13 usuario10 1462973051.88 1462973042.55 -9332.89980888 2568
13 usuario2 1462973051.56 1462973043.29 -8268.80002022 3696
13 usuario7 1462973051.81 1462973050.7 -1103.20019722 11482
13 usuario9 1462973051.36 1462973051.33 -31.1999320984 11249
13 usuario15 1462973051.35 1462973043.07 -8276.49998665 2977
13 usuario1 1462973051.44 1462973041.08 -10355.8001518 1714
13 usuario11 1462973051.71 1462973049.6 -2109.50016975 9748
13 usuario6 1462973051.28 1462973045.01 -6267.30012894 4899
13 usuario8 1462973052.07 1462973042.73 -9333.69994164 3190
13 usuario12 1462973051.22 1462973043.83 -7389.80007172 3807
13 usuario5 1462973051.62 1462973041.25 -10371.4001179 1951
13 usuario16 1462973052.01 1462973042.6 -9416.70012474 2755
13 usuario14 1462973052.06 1462973049.96 -2104.20012474 10634
13 usuario3 1462973051.54 1462973043.25 -8286.60011292 3590
13 usuario4 1462973052.15 1462973045.73 -6424.90005493 5707
14 usuario13 1462973072.08 1462973055.58 -16494.8999882 3252
14 usuario10 1462973071.48 1462973054.97 -16507.8999996 1971
14 usuario2 1462973071.44 1462973071.41 -33.2000255585 18771
14 usuario7 1462973071.94 1462973056.08 -15859.2000008 3173
14 usuario9 1462973071.44 1462973059.05 -12391.600132 6608
14 usuario15 1462973071.62 1462973065.41 -6219.19989586 12997
14 usuario1 1462973071.45 1462973054.95 -16505.4001808 2451
14 usuario11 1462973071.83 1462973056.31 -15517.6000595 3539
14 usuario6 1462973071.93 1462973054.4 -17533.7998867 2061
14 usuario8 1462973072.0 1462973058.59 -13411.0999107 5464
14 usuario12 1462973072.23 1462973058.48 -13754.8000813 6126
14 usuario5 1462973071.6 1462973055.02 -16572.6001263 2339
14 usuario16 1462973072.03 1462973055.52 -16504.8999786 2452
14 usuario14 1462973071.29 1462973057.85 -13445.1999664 4728
14 usuario3 1462973072.01 1462973054.45 -17560.3997707 1854
14 usuario4 1462973072.04 1462973055.15 -16883.300066 1915
15 usuario13 1462973083.71 1462973077.47 -6246.09994888 4326
15 usuario10 1462973083.46 1462973074.14 -9321.40016556 1597
15 usuario2 1462973084.17 1462973077.95 -6221.7001915 5421
15 usuario7 1462973084.19 1462973077.83 -6354.09998894 4790
15 usuario9 1462973083.5 1462973076.22 -7281.69989586 3711
15 usuario15 1462973083.72 1462973078.45 -5269.60015297 5768
15 usuario1 1462973083.28 1462973076.03 -7255.19990921 3510
15 usuario11 1462973084.1 1462973080.94 -3158.29992294 8054
15 usuario6 1462973083.52 1462973075.24 -8276.99995041 2244
15 usuario8 1462973083.58 1462973079.41 -4166.80002213 6353
15 usuario12 1462973083.64 1462973080.45 -3189.19992447 7083
15 usuario5 1462973083.62 1462973083.59 -27.8000831604 10934
15 usuario16 1462973083.79 1462973075.5 -8287.19997406 2416
15 usuario14 1462973083.37 1462973075.09 -8284.89995003 2706
15 usuario3 1462973083.3 1462973077.07 -6235.90016365 3999
15 usuario4 1462973083.74 1462973075.26 -8478.3000946 2029
16 usuario13 1462973107.33 1462973086.61 -20716.3000107 1845
16 usuario10 1462973107.16 1462973086.54 -20626.4998913 2027
16 usuario2 1462973107.27 1462973096.93 -10342.099905 11700
16 usuario7 1462973107.34 1462973088.36 -18976.3998985 3058
16 usuario9 1462973107.05 1462973092.61 -14442.800045 8049
16 usuario15 1462973107.05 1462973090.49 -16558.4001541 5713
16 usuario1 1462973106.43 1462973086.79 -19636.8000507 2458
16 usuario11 1462973107.11 1462973089.57 -17535.7000828 4412
16 usuario6 1462973106.61 1462973087.03 -19577.5001049 2461
16 usuario8 1462973106.33 1462973087.77 -18561.3000393 3135
16 usuario12 1462973106.93 1462973106.9 -32.900094986 22167
16 usuario5 1462973106.35 1462973090.79 -15559.9999428 6109
16 usuario16 1462973106.45 1462973087.87 -18582.9000473 3017
16 usuario14 1462973106.47 1462973086.89 -19582.0000172 2453
16 usuario3 1462973106.46 1462973087.88 -18587.9998207 3513
16 usuario4 1462973106.48 1462973086.48 -20000.6000996 1641
17 usuario13 1462973123.76 1462973112.39 -11373.0998039 4003
17 usuario10 1462973124.33 1462973109.88 -14446.5000629 1657
17 usuario2 1462973123.54 1462973120.41 -3129.19998169 12054
17 usuario7 1462973124.25 1462973120.0 -4255.89990616 11514
17 usuario9 1462973124.2 1462973110.78 -13427.200079 2671
17 usuario15 1462973124.37 1462973114.03 -10346.3001251 5916
17 usuario1 1462973124.12 1462973111.72 -12394.600153 4236
17 usuario11 1462973124.07 1462973118.88 -5187.10017204 10686
17 usuario6 1462973124.25 1462973112.86 -11387.4998093 5164
17 usuario8 1462973123.56 1462973123.53 -28.6998748779 15087
17 usuario12 1462973123.77 1462973115.28 -8488.89994621 7240
17 usuario5 1462973124.06 1462973109.5 -14554.3999672 2079
17 usuario16 1462973123.38 1462973109.87 -13509.0999603 2359
17 usuario14 1462973123.56 1462973109.13 -14421.0000038 1609
17 usuario3 1462973124.2 1462973109.73 -14465.1999474 2210
17 usuario4 1462973123.87 1462973109.07 -14796.4999676 1499
18 usuario13 1462973136.42 1462973134.31 -2112.6999855 9460
18 usuario10 1462973136.59 1462973127.28 -9306.90002441 1896
18 usuario2 1462973136.66 1462973128.38 -8276.99995041 3783
18 usuario7 1462973137.26 1462973128.81 -8447.60012627 3481
18 usuario9 1462973137.11 1462973129.86 -7251.29985809 4593
18 usuario15 1462973136.88 1462973136.84 -43.4000492096 11409
18 usuario1 1462973137.43 1462973128.12 -9308.3999157 2939
18 usuario11 1462973137.38 1462973127.05 -10334.8999023 1918
18 usuario6 1462973136.79 1462973130.58 -6216.70007706 5269
18 usuario8 1462973136.83 1462973127.51 -9319.90003586 2873
18 usuario12 1462973136.96 1462973133.75 -3202.5001049 8830
18 usuario5 1462973137.05 1462973128.73 -8326.3001442 3538
18 usuario16 1462973137.12 1462973127.77 -9345.80016136 3334
18 usuario14 1462973136.57 1462973126.23 -10340.0001526 1613
18 usuario3 1462973137.09 1462973126.74 -10348.2999802 1482
18 usuario4 1462973136.53 1462973128.08 -8453.39989662 3115
19 usuario13 1462973149.1 1462973140.82 -8275.50005913 3343
19 usuario10 1462973149.4 1462973140.09 -9310.29987335 2442
19 usuario2 1462973149.24 1462973143.03 -6211.80009842 5302
19 usuario7 1462973148.45 1462973139.96 -8488.39998245 1564
19 usuario9 1462973149.22 1462973149.2 -26.200056076 11028
19 usuario15 1462973148.79 1462973147.71 -1084.10000801 9735
19 usuario1 1462973149.31 1462973140.0 -9305.29999733 1522
19 usuario11 1462973148.5 1462973146.4 -2103.60002518 7959
19 usuario6 1462973149.04 1462973140.76 -8276.10015869 2907
19 usuario8 1462973149.12 1462973139.77 -9355.70001602 1883
19 usuario12 1462973148.43 1462973139.96 -8464.30015564 1929
19 usuario5 1462973148.71 1462973140.39 -8315.59991837 2263
19 usuario16 1462973148.96 1462973140.66 -8294.80004311 2486
19 usuario14 1462973149.04 1462973138.71 -10337.8000259 1071
19 usuario3 1462973149.42 1462973141.13 -8290.10009766 2987
19 usuario4 1462973148.55 1462973138.95 -9599.90000725 1292
20 usuario13 1462973160.84 1462973157.7 -3139.99986649 7537
20 usuario10 1462973160.68 1462973152.39 -8288.90013695 1926
20 usuario2 1462973161.14 1462973154.91 -6225.59976578 4614
20 usuario7 1462973161.26 1462973151.75 -9505.49983978 2216
20 usuario9 1462973161.18 1462973161.15 -29.2999744415 10849
20 usuario15 1462973160.87 1462973159.79 -1085.19983292 9930
20 usuario1 1462973161.05 1462973151.75 -9301.90014839 1384
20 usuario11 1462973160.86 1462973156.71 -4155.99989891 7146
20 usuario6 1462973160.65 1462973155.45 -5199.30005074 5352
20 usuario8 1462973161.2 1462973159.09 -2103.39999199 8914
20 usuario12 1462973161.2 1462973158.0 -3205.19995689 8432
20 usuario5 1462973161.35 1462973160.29 -1064.0001297 10484
20 usuario16 1462973161.01 1462973152.72 -8294.00014877 2692
20 usuario14 1462973160.82 1462973151.5 -9320.89996338 1402
20 usuario3 1462973161.15 1462973152.87 -8281.59999847 2368
20 usuario4 1462973161.14 1462973155.83 -5301.50008202 6072
21 usuario13 1462973185.68 1462973168.18 -17505.3999424 6277
21 usuario10 1462973185.98 1462973164.34 -21644.5999146 2607
21 usuario2 1462973185.81 1462973167.26 -18553.9999008 5059
21 usuario7 1462973185.79 1462973164.65 -21146.8000412 2292
21 usuario9 1462973186.44 1462973168.93 -17515.7999992 6657
21 usuario15 1462973186.53 1462973186.5 -31.7001342773 24565
21 usuario1 1462973186.06 1462973164.44 -21616.6000366 2330
21 usuario11 1462973186.41 1462973164.77 -21642.7001953 2847
21 usuario6 1462973185.6 1462973166.02 -19578.099966 4316
21 usuario8 1462973186.02 1462973169.52 -16497.699976 7264
21 usuario12 1462973186.39 1462973164.04 -22345.5998898 1734
21 usuario5 1462973186.26 1462973172.77 -13486.7999554 10354
21 usuario16 1462973186.39 1462973163.49 -22897.7000713 1420
21 usuario14 1462973186.51 1462973163.86 -22648.4999657 1990
21 usuario3 1462973185.54 1462973164.82 -20717.4999714 2605
21 usuario4 1462973185.96 1462973171.17 -14783.6999893 8940
22 usuario13 1462973224.87 1462973188.78 -36094.399929 2037
22 usuario10 1462973224.63 1462973189.6 -35033.9000225 2560
22 usuario2 1462973224.62 1462973200.91 -23705.7001591 14035
22 usuario7 1462973224.83 1462973189.01 -35818.500042 2109
22 usuario9 1462973224.85 1462973191.91 -32947.9000568 4409
22 usuario15 1462973225.04 1462973225.0 -31.3000679016 37395
22 usuario1 1462973225.2 1462973189.1 -36098.5000134 1979
22 usuario11 1462973225.4 1462973191.42 -33983.2999706 3945
22 usuario6 1462973225.15 1462973192.1 -33056.2000275 5437
22 usuario8 1462973225.54 1462973199.79 -25748.4998703 12714
22 usuario12 1462973224.63 1462973193.03 -31608.6001396 5531
22 usuario5 1462973224.76 1462973196.8 -27963.0000591 9477
22 usuario16 1462973225.37 1462973191.33 -34033.2000256 3882
22 usuario14 1462973225.18 1462973189.18 -35998.3999729 1617
22 usuario3 1462973225.61 1462973189.53 -36076.499939 2935
22 usuario4 1462973225.03 1462973190.22 -34807.2998524 3146
23 usuario13 1462973239.81 1462973231.5 -8305.09996414 5571
23 usuario10 1462973240.39 1462973228.95 -11433.5999489 3265
23 usuario2 1462973239.84 1462973239.81 -28.8000106812 14125
23 usuario7 1462973239.97 1462973229.45 -10526.8001556 3531
23 usuario9 1462973240.42 1462973232.12 -8294.30007935 6190
23 usuario15 1462973239.85 1462973235.68 -4165.99988937 9566
23 usuario1 1462973240.34 1462973228.95 -11398.9999294 2695
23 usuario11 1462973240.36 1462973232.1 -8259.10019875 5644
23 usuario6 1462973239.87 1462973231.59 -8274.30009842 5383
23 usuario8 1462973239.65 1462973235.5 -4153.30004692 8904
23 usuario12 1462973240.06 1462973227.44 -12614.8998737 1711
23 usuario5 1462973240.45 1462973237.32 -3130.10001183 11498
23 usuario16 1462973239.98 1462973231.66 -8314.69988823 5212
23 usuario14 1462973239.96 1462973227.58 -12384.7999573 1328
23 usuario3 1462973239.66 1462973230.35 -9314.10002708 3680
23 usuario4 1462973239.73 1462973229.19 -10537.5001431 2974
24 usuario13 1462973257.72 1462973249.45 -8273.40006828 8580
24 usuario10 1462973258.11 1462973244.69 -13420.9001064 3244
24 usuario2 1462973258.29 1462973246.93 -11359.400034 6013
24 usuario7 1462973258.4 1462973243.53 -14867.5999641 2442
24 usuario9 1462973258.66 1462973250.36 -8305.29999733 8881
24 usuario15 1462973258.31 1462973258.28 -29.000043869 17380
24 usuario1 1462973257.76 1462973246.41 -11350.8000374 4983
24 usuario11 1462973258.37 1462973243.91 -14459.7001076 2494
24 usuario6 1462973257.86 1462973243.41 -14456.8998814 2483
24 usuario8 1462973258.08 1462973244.6 -13476.7000675 3893
24 usuario12 1462973258.42 1462973244.68 -13742.000103 3538
24 usuario5 1462973257.69 1462973247.19 -10505.8000088 5678
24 usuario16 1462973258.66 1462973247.3 -11362.7998829 6256
24 usuario14 1462973258.45 1462973242.99 -15454.9000263 1977
24 usuario3 1462973258.14 1462973244.7 -13437.7000332 3983
24 usuario4 1462973257.96 1462973243.16 -14808.0000877 2313
25 usuario13 1462973268.73 1462973261.49 -7242.39993095 2711
25 usuario10 1462973268.91 1462973261.65 -7259.5000267 2480
25 usuario2 1462973269.58 1462973263.36 -6221.89998627 4002
25 usuario7 1462973268.8 1462973264.58 -4216.09997749 5087
25 usuario9 1462973269.11 1462973269.08 -28.1000137329 9362
25 usuario15 1462973268.83 1462973268.8 -29.000043869 9411
25 usuario1 1462973269.12 1462973260.84 -8280.09986877 2021
25 usuario11 1462973268.79 1462973262.49 -6308.5000515 3054
25 usuario6 1462973269.08 1462973263.9 -5187.99996376 4972
25 usuario8 1462973269.47 1462973264.29 -5175.79984665 5151
25 usuario12 1462973269.45 1462973264.16 -5285.59994698 4664
25 usuario5 1462973268.87 1462973265.73 -3146.10004425 6957
25 usuario16 1462973269.48 1462973263.22 -6257.10010529 3505
25 usuario14 1462973269.61 1462973262.36 -7246.99997902 2862
25 usuario3 1462973268.96 1462973261.69 -7272.19986916 2496
25 usuario4 1462973269.16 1462973261.81 -7354.50005531 2696
26 usuario13 1462973279.49 1462973276.35 -3136.9998455 6566
26 usuario10 1462973279.58 1462973272.33 -7254.19998169 2356
26 usuario2 1462973279.37 1462973275.19 -4173.79999161 4560
26 usuario7 1462973278.95 1462973272.58 -6372.0998764 2670
26 usuario9 1462973279.52 1462973278.44 -1079.29992676 8241
26 usuario15 1462973278.98 1462973278.96 -26.7999172211 9045
26 usuario1 1462973278.8 1462973272.56 -6237.80012131 2383
26 usuario11 1462973279.16 1462973278.08 -1082.30018616 8227
26 usuario6 1462973279.16 1462973276.03 -3135.29992104 5883
26 usuario8 1462973279.54 1462973272.29 -7247.49994278 1759
26 usuario12 1462973278.9 1462973273.61 -5287.99986839 3066
26 usuario5 1462973279.52 1462973274.22 -5294.39997673 4228
26 usuario16 1462973279.67 1462973273.42 -6251.30009651 2885
26 usuario14 1462973279.65 1462973272.39 -7261.19995117 1730
26 usuario3 1462973279.69 1462973274.49 -5202.10003853 4468
26 usuario4 1462973279.24 1462973272.89 -6350.10004044 2628
27 usuario13 1462973298.39 1462973282.92 -15472.700119 2372
27 usuario10 1462973298.34 1462973282.87 -15465.4998779 2234
27 usuario2 1462973298.22 1462973284.79 -13426.5999794 4364
27 usuario7 1462973298.46 1462973281.56 -16895.3001499 1510
27 usuario9 1462973298.22 1462973287.9 -10322.9000568 7325
27 usuario15 1462973297.93 1462973297.9 -29.599905014 17833
27 usuario1 1462973298.26 1462973281.63 -16623.5001087 1721
27 usuario11 1462973298.25 1462973282.73 -15525.7999897 2498
27 usuario6 1462973298.62 1462973283.15 -15462.7001286 2924
27 usuario8 1462973298.33 1462973282.83 -15495.7001209 2243
27 usuario12 1462973298.67 1462973289.18 -9489.79997635 9184
27 usuario5 1462973298.48 1462973285.02 -13461.400032 4433
27 usuario16 1462973298.77 1462973283.29 -15471.8999863 2546
27 usuario14 1462973298.33 1462973281.86 -16475.399971 1142
27 usuario3 1462973298.67 1462973283.18 -15487.3998165 2435
27 usuario4 1462973298.15 1462973286.44 -11706.0000896 6110
28 usuario13 1462973320.76 1462973320.73 -34.3000888824 21277
28 usuario10 1462973320.37 1462973302.83 -17536.0999107 3434
28 usuario2 1462973320.85 1462973302.28 -18572.8001595 2987
28 usuario7 1462973320.6 1462973302.64 -17962.100029 3061
28 usuario9 1462973320.49 1462973302.96 -17529.0999413 3661
28 usuario15 1462973320.68 1462973304.14 -16542.7000523 5127
28 usuario1 1462973320.62 1462973303.98 -16635.2000237 4668
28 usuario11 1462973319.93 1462973301.35 -18578.099966 2046
28 usuario6 1462973320.42 1462973303.89 -16526.5002251 4219
28 usuario8 1462973320.03 1462973302.5 -17525.7999897 3107
28 usuario12 1462973320.69 1462973303.77 -16921.1001396 4006
28 usuario5 1462973320.48 1462973310.09 -10390.1000023 10538
28 usuario16 1462973319.85 1462973303.33 -16512.6998425 3507
28 usuario14 1462973320.54 1462973300.97 -19570.6000328 1578
28 usuario3 1462973320.11 1462973301.54 -18575.7000446 1803
28 usuario4 1462973319.99 1462973305.21 -14783.9999199 5953
29 usuario13 1462973337.42 1462973337.39 -29.7000408173 15534
29 usuario10 1462973337.33 1462973323.92 -13413.8000011 2454
29 usuario2 1462973337.1 1462973324.69 -12405.299902 2787
29 usuario7 1462973337.09 1462973325.4 -11689.2001629 3695
29 usuario9 1462973336.96 1462973325.59 -11365.8001423 4043
29 usuario15 1462973337.37 1462973327.04 -10334.1999054 5267
29 usuario1 1462973337.63 1462973324.19 -13438.3001328 2519
29 usuario11 1462973337.6 1462973323.12 -14477.2999287 2128
29 usuario6 1462973337.91 1462973323.46 -14451.5001774 1988
29 usuario8 1462973337.61 1462973323.15 -14457.2999477 2061
29 usuario12 1462973337.83 1462973327.26 -10570.9998608 5450
29 usuario5 1462973337.02 1462973324.51 -12503.8001537 2976
29 usuario16 1462973336.92 1462973324.51 -12412.7001762 2577
29 usuario14 1462973337.76 1462973323.33 -14433.1998825 1729
29 usuario3 1462973337.69 1462973323.24 -14454.2999268 2062
29 usuario4 1462973337.48 1462973323.78 -13702.6000023 2649
30 usuario13 1462973345.09 1462973344.01 -1078.59992981 5513
30 usuario10 1462973345.05 1462973340.88 -4170.1002121 2495
30 usuario2 1462973345.15 1462973340.95 -4203.09996605 2791
30 usuario7 1462973345.1 1462973340.84 -4260.99991798 2655
30 usuario9 1462973345.29 1462973345.26 -34.8000526428 7239
30 usuario15 1462973345.19 1462973345.16 -23.4999656677 6709
30 usuario1 1462973345.68 1462973340.47 -5202.2998333 1787
30 usuario11 1462973345.64 1462973340.45 -5193.0000782 1786
30 usuario6 1462973345.73 1462973341.57 -4158.20002556 2603
30 usuario8 1462973345.2 1462973340.01 -5189.10002708 1341
30 usuario12 1462973344.94 1462973341.75 -3187.90006638 2829
30 usuario5 1462973345.06 1462973341.89 -3166.20016098 3763
30 usuario16 1462973345.4 1462973343.3 -2106.89997673 5312
30 usuario14 1462973345.33 1462973340.14 -5195.20020485 1320
30 usuario3 1462973345.57 1462973340.37 -5195.10006905 1622
30 usuario4 1462973345.16 1462973340.89 -4265.59996605 2326
31 usuario13 1462973353.77 1462973349.61 -4161.10014915 3462
31 usuario10 1462973353.11 1462973348.94 -4173.50006104 2829
31 usuario2 1462973353.54 1462973353.51 -33.5998535156 7293
31 usuario7 1462973353.44 1462973348.16 -5280.90000153 1962
31 usuario9 1462973353.14 1462973352.06 -1081.90011978 5688
31 usuario15 1462973353.76 1462973352.68 -1075.29997826 6413
31 usuario1 1462973353.61 1462973349.44 -4166.30005836 2707
31 usuario11 1462973353.33 1462973348.13 -5197.60012627 1430
31 usuario6 1462973353.64 1462973348.45 -5194.79990005 1660
31 usuario8 1462973353.55 1462973349.39 -4163.30003738 3131
31 usuario12 1462973353.3 1462973348.02 -5282.39989281 1976
31 usuario5 1462973353.07 1462973350.96 -2110.2001667 4835
31 usuario16 1462973353.32 1462973349.15 -4170.40014267 2698
31 usuario14 1462973353.15 1462973347.96 -5195.50013542 1495
31 usuario3 1462973352.99 1462973349.81 -3186.50007248 3182
31 usuario4 1462973353.64 1462973351.51 -2134.3998909 5249
32 usuario13 1462973367.24 1462973358.96 -8271.8000412 4139
32 usuario10 1462973367.7 1462973356.34 -11363.7001514 2167
32 usuario2 1462973367.28 1462973360.02 -7255.10001183 5403
32 usuario7 1462973366.96 1462973356.32 -10641.0000324 1778
32 usuario9 1462973367.13 1462973360.9 -6226.80020332 6681
32 usuario15 1462973367.05 1462973359.8 -7248.30007553 4980
32 usuario1 1462973367.69 1462973364.55 -3136.9998455 9888
32 usuario11 1462973367.52 1462973357.18 -10343.6999321 2797
32 usuario6 1462973367.12 1462973357.81 -9314.59999084 3103
32 usuario8 1462973367.93 1462973356.57 -11352.699995 1958
32 usuario12 1462973367.57 1462973367.52 -54.6000003815 13101
32 usuario5 1462973367.86 1462973361.64 -6214.90001678 7516
32 usuario16 1462973367.64 1462973357.29 -10359.400034 2897
32 usuario14 1462973367.95 1462973355.57 -12379.3997765 1371
32 usuario3 1462973367.0 1462973356.67 -10336.6999626 2607
32 usuario4 1462973367.93 1462973357.26 -10667.7999496 2525
33 usuario13 1462973382.37 1462973376.16 -6210.7000351 7840
33 usuario10 1462973382.99 1462973372.66 -10331.400156 3903
33 usuario2 1462973382.98 1462973376.76 -6216.79997444 8418
33 usuario7 1462973382.06 1462973371.5 -10564.3999577 2373
33 usuario9 1462973382.03 1462973371.7 -10328.0000687 3523
33 usuario15 1462973382.82 1462973379.68 -3141.79992676 11570
33 usuario1 1462973382.2 1462973370.85 -11353.2998562 2107
33 usuario11 1462973382.86 1462973370.48 -12381.9000721 1894
33 usuario6 1462973382.7 1462973371.33 -11366.5001392 3158
33 usuario8 1462973382.19 1462973373.9 -8286.39984131 4921
33 usuario12 1462973382.35 1462973382.3 -54.6998977661 13574
33 usuario5 1462973382.62 1462973375.32 -7294.39997673 6405
33 usuario16 1462973382.29 1462973369.89 -12404.8001766 1182
33 usuario14 1462973382.58 1462973370.2 -12382.2999001 1183
33 usuario3 1462973382.23 1462973372.91 -9322.70002365 4851
33 usuario4 1462973382.03 1462973370.42 -11611.0999584 1389
34 usuario13 1462973390.21 1462973389.14 -1077.69989967 5709
34 usuario10 1462973390.34 1462973386.19 -4158.80012512 2131
34 usuario2 1462973390.4 1462973385.2 -5204.90002632 1163
34 usuario7 1462973390.23 1462973384.92 -5308.30001831 1770
34 usuario9 1462973390.38 1462973390.35 -31.6998958588 7245
34 usuario15 1462973390.3 1462973390.27 -33.2999229431 6380
34 usuario1 1462973390.33 1462973385.14 -5191.99991226 1878
34 usuario11 1462973390.56 1462973387.42 -3138.29994202 3506
34 usuario6 1462973390.66 1462973389.58 -1071.40016556 5830
34 usuario8 1462973390.59 1462973386.42 -4171.00000381 3167
34 usuario12 1462973390.44 1462973385.14 -5298.89988899 1689
34 usuario5 1462973390.72 1462973386.5 -4219.40016747 2809
34 usuario16 1462973390.31 1462973386.13 -4177.09994316 2786
34 usuario14 1462973390.85 1462973384.62 -6224.70021248 989
34 usuario3 1462973390.56 1462973386.39 -4166.70012474 3090
34 usuario4 1462973390.35 1462973385.04 -5307.49988556 1924
35 usuario13 1462973407.91 1462973397.58 -10328.6998272 6298
35 usuario10 1462973407.85 1462973394.43 -13429.3999672 3015
35 usuario2 1462973407.84 1462973393.39 -14444.5002079 1933
35 usuario7 1462973407.32 1462973393.62 -13700.7000446 2298
35 usuario9 1462973407.82 1462973398.52 -9294.39997673 7061
35 usuario15 1462973407.86 1462973407.83 -29.8998355865 16451
35 usuario1 1462973407.7 1462973393.26 -14447.0999241 1872
35 usuario11 1462973407.68 1462973402.49 -5185.40000916 10872
35 usuario6 1462973407.7 1462973395.3 -12399.5001316 3585
35 usuario8 1462973407.61 1462973393.16 -14448.7001896 1516
35 usuario12 1462973407.57 1462973396.88 -10687.5998974 5341
35 usuario5 1462973407.72 1462973394.21 -13509.0999603 2440
35 usuario16 1462973407.6 1462973394.16 -13438.6999607 2799
35 usuario14 1462973407.91 1462973399.66 -8250.39982796 7727
35 usuario3 1462973407.87 1462973395.46 -12409.3999863 3842
35 usuario4 1462973407.93 1462973393.12 -14808.4001541 1630
36 usuario13 1462973424.24 1462973423.16 -1084.3000412 14189
36 usuario10 1462973424.8 1462973411.38 -13419.7001457 2471
36 usuario2 1462973424.18 1462973411.79 -12392.5998211 2900
36 usuario7 1462973424.84 1462973410.08 -14760.5998516 1655
36 usuario9 1462973424.29 1462973424.25 -33.3998203278 15374
36 usuario15 1462973424.84 1462973420.69 -4156.69989586 11746
36 usuario1 1462973424.69 1462973410.26 -14432.4998856 1492
36 usuario11 1462973424.9 1462973410.43 -14463.8001919 1709
36 usuario6 1462973424.63 1462973411.19 -13439.9001598 2431
36 usuario8 1462973424.92 1462973411.52 -13400.5000591 2854
36 usuario12 1462973424.42 1462973412.85 -11573.10009 4176
36 usuario5 1462973424.63 1462973411.1 -13528.4001827 2330
36 usuario16 1462973424.77 1462973411.34 -13432.3999882 2682
36 usuario14 1462973424.34 1462973410.94 -13399.5001316 1974
36 usuario3 1462973424.55 1462973413.07 -11478.1000614 4139
36 usuario4 1462973424.61 1462973410.87 -13734.6999645 1867
37 usuario13 1462973446.79 1462973429.22 -17562.7000332 3927
37 usuario10 1462973446.56 1462973427.98 -18577.1000385 2119
37 usuario2 1462973446.88 1462973446.85 -28.8000106812 21575
37 usuario7 1462973446.97 1462973445.88 -1092.60010719 19901
37 usuario9 1462973447.21 1462973434.82 -12387.9001141 9458
37 usuario15 1462973447.21 1462973439.96 -7249.8998642 14057
37 usuario1 1462973447.15 1462973428.59 -18568.4001446 2835
37 usuario11 1462973446.33 1462973428.77 -17555.0999641 2823
37 usuario6 1462973446.41 1462973427.86 -18551.2001514 2179
37 usuario8 1462973446.76 1462973428.16 -18592.2999382 2180
37 usuario12 1462973446.45 1462973440.09 -6359.49993134 14555
37 usuario5 1462973446.66 1462973433.21 -13445.1999664 7505
37 usuario16 1462973446.83 1462973428.05 -18781.3000679 2221
37 usuario14 1462973446.41 1462973426.77 -19640.599966 1373
37 usuario3 1462973447.11 1462973428.42 -18693.3000088 2812
37 usuario4 1462973446.71 1462973428.75 -17959.5999718 3049
38 usuario13 1462973479.36 1462973458.75 -20610.3999615 10871
38 usuario10 1462973480.18 1462973453.35 -26824.1000175 5705
38 usuario2 1462973479.69 1462973463.08 -16610.9001637 15116
38 usuario7 1462973479.63 1462973450.06 -29566.9000149 1978
38 usuario9 1462973479.46 1462973454.74 -24720.9999561 6436
38 usuario15 1462973479.37 1462973479.35 -27.9002189636 31073
38 usuario1 1462973479.28 1462973449.44 -29844.0999985 1228
38 usuario11 1462973479.85 1462973449.97 -29873.7001419 2587
38 usuario6 1462973480.21 1462973449.33 -30879.1999817 1862
38 usuario8 1462973479.26 1462973451.38 -27882.2999001 3562
38 usuario12 1462973479.94 1462973450.35 -29592.5998688 2797
38 usuario5 1462973479.96 1462973449.88 -30083.1999779 2153
38 usuario16 1462973479.89 1462973451.03 -28857.2001457 3155
38 usuario14 1462973479.35 1462973449.45 -29897.9001045 1992
38 usuario3 1462973479.67 1462973453.81 -25859.7998619 5604
38 usuario4 1462973480.25 1462973452.64 -27611.399889 4838
39 usuario13 1462973504.06 1462973483.29 -20766.0000324 2869
39 usuario10 1462973503.83 1462973483.22 -20609.6000671 1918
39 usuario2 1462973504.24 1462973491.84 -12390.7999992 11097
39 usuario7 1462973503.7 1462973483.54 -20156.3999653 2815
39 usuario9 1462973504.25 1462973488.74 -15505.7001114 8225
39 usuario15 1462973504.06 1462973504.03 -31.800031662 23567
39 usuario1 1462973504.16 1462973484.55 -19604.7000885 4214
39 usuario11 1462973503.69 1462973485.02 -18670.4001427 4117
39 usuario6 1462973504.07 1462973484.49 -19581.400156 3229
39 usuario8 1462973503.79 1462973487.31 -16480.9000492 5936
39 usuario12 1462973503.48 1462973483.43 -20055.5000305 2389
39 usuario5 1462973504.1 1462973488.5 -15594.8998928 7452
39 usuario16 1462973504.0 1462973483.37 -20630.1000118 2425
39 usuario14 1462973504.26 1462973482.52 -21735.8000278 2117
39 usuario3 1462973504.19 1462973483.45 -20741.8999672 2726
39 usuario4 1462973503.92 1462973483.8 -20120.5000877 2475
40 usuario13 1462973516.66 1462973509.41 -7246.29998207 4294
40 usuario10 1462973516.47 1462973507.15 -9311.59996986 2268
40 usuario2 1462973517.32 1462973516.25 -1075.20008087 10942
40 usuario7 1462973516.33 1462973506.87 -9463.00005913 2091
40 usuario9 1462973516.94 1462973515.87 -1072.29995728 10558
40 usuario15 1462973516.55 1462973516.52 -29.2999744415 11376
40 usuario1 1462973516.78 1462973508.5 -8278.69987488 3282
40 usuario11 1462973517.12 1462973507.83 -9293.80011559 3081
40 usuario6 1462973517.37 1462973509.08 -8287.60004044 3947
40 usuario8 1462973516.59 1462973507.27 -9319.4000721 2422
40 usuario12 1462973516.99 1462973507.47 -9520.20001411 2884
40 usuario5 1462973516.48 1462973513.33 -3152.70018578 8169
40 usuario16 1462973516.57 1462973509.32 -7256.29997253 4253
40 usuario14 1462973516.78 1462973507.47 -9305.09996414 2161
40 usuario3 1462973516.6 1462973507.28 -9316.09988213 2032
40 usuario4 1462973516.52 1462973508.07 -8445.69993019 3052
41 usuario13 1462973532.91 1462973523.61 -9300.1999855 5891
41 usuario10 1462973532.78 1462973519.32 -13461.0998631 1756
41 usuario2 1462973532.4 1462973525.15 -7248.99983406 6775
41 usuario7 1462973532.38 1462973519.52 -12863.8000488 2061
41 usuario9 1462973532.89 1462973529.76 -3131.00004196 11766
41 usuario15 1462973533.27 1462973533.24 -29.7999382019 15605
41 usuario1 1462973533.35 1462973519.93 -13414.899826 2088
41 usuario11 1462973532.58 1462973524.32 -8259.70005989 6104
41 usuario6 1462973533.33 1462973520.91 -12424.8001575 2483
41 usuario8 1462973533.27 1462973520.89 -12380.300045 3249
41 usuario12 1462973533.26 1462973520.6 -12665.6000614 2499
41 usuario5 1462973532.38 1462973525.12 -7262.79997826 7560
41 usuario16 1462973533.03 1462973522.61 -10421.200037 4973
41 usuario14 1462973532.98 1462973519.58 -13402.4000168 1741
41 usuario3 1462973532.64 1462973520.23 -12408.2999229 2570
41 usuario4 1462973532.84 1462973521.19 -11646.6999054 3575
42 usuario13 1462973544.68 1462973539.49 -5191.99991226 5514
42 usuario10 1462973544.7 1462973536.42 -8284.70015526 2577
42 usuario2 1462973544.6 1462973544.57 -26.7000198364 11102
42 usuario7 1462973544.66 1462973539.37 -5297.19996452 5885
42 usuario9 1462973545.27 1462973538.02 -7243.19982529 4075
42 usuario15 1462973544.57 1462973544.53 -37.1999740601 10174
42 usuario1 1462973544.73 1462973541.6 -3133.89992714 7197
42 usuario11 1462973544.47 1462973542.36 -2110.59999466 8717
42 usuario6 1462973545.11 1462973538.89 -6220.90005875 4498
42 usuario8 1462973544.95 1462973537.71 -7246.30022049 3376
42 usuario12 1462973544.34 1462973536.86 -7473.29998016 2493
42 usuario5 1462973544.81 1462973539.62 -5194.49996948 6138
42 usuario16 1462973545.4 1462973537.12 -8283.29992294 3030
42 usuario14 1462973544.96 1462973535.58 -9371.50001526 1545
42 usuario3 1462973544.67 1462973536.21 -8456.90011978 2510
42 usuario4 1462973545.12 1462973540.75 -4376.49989128 6794
43 usuario13 1462973564.08 1462973551.7 -12379.6999454 5957
43 usuario10 1462973563.53 1462973551.14 -12397.7000713 5371
43 usuario2 1462973564.41 1462973550.99 -13422.8999615 5308
43 usuario7 1462973563.54 1462973547.72 -15819.2999363 1923
43 usuario9 1462973564.19 1462973556.95 -7236.79995537 10603
43 usuario15 1462973563.9 1462973563.87 -27.9998779297 18228
43 usuario1 1462973564.1 1462973548.65 -15450.9000778 2864
43 usuario11 1462973563.77 1462973557.53 -6231.40001297 12010
43 usuario6 1462973564.41 1462973548.93 -15474.1001129 2773
43 usuario8 1462973563.54 1462973552.18 -11360.4998589 6171
43 usuario12 1462973564.12 1462973549.31 -14811.5999699 3810
43 usuario5 1462973564.06 1462973556.81 -7258.29982758 10875
43 usuario16 1462973563.67 1462973549.15 -14523.9999294 2688
43 usuario14 1462973564.1 1462973548.57 -15527.1000862 2557
43 usuario3 1462973564.22 1462973547.46 -16764.4000053 1735
43 usuario4 1462973564.14 1462973548.2 -15936.2001419 1961
44 usuario13 1462973590.25 1462973569.65 -20601.6001701 4510
44 usuario10 1462973589.79 1462973566.07 -23724.6999741 1471
44 usuario2 1462973589.91 1462973589.87 -42.200088501 24393
44 usuario7 1462973589.84 1462973569.75 -20089.8001194 5070
44 usuario9 1462973589.94 1462973574.45 -15491.8000698 9173
44 usuario15 1462973590.06 1462973582.81 -7246.09994888 17827
44 usuario1 1462973589.64 1462973566.99 -22651.900053 1829
44 usuario11 1462973589.85 1462973578.48 -11371.7999458 13656
44 usuario6 1462973590.48 1462973568.84 -21639.300108 3373
44 usuario8 1462973590.19 1462973566.44 -23749.9001026 1844
44 usuario12 1462973590.39 1462973567.24 -23155.5001736 2035
44 usuario5 1462973589.6 1462973571.87 -17734.2000008 6728
44 usuario16 1462973589.84 1462973567.13 -22706.099987 2404
44 usuario14 1462973590.32 1462973566.64 -23679.6998978 1484
44 usuario3 1462973589.76 1462973566.98 -22777.7998447 1700
44 usuario4 1462973589.78 1462973566.59 -23191.0998821 1378
45 usuario13 1462973610.55 1462973594.04 -16509.7999573 2732
45 usuario10 1462973609.85 1462973593.35 -16503.5998821 2457
45 usuario2 1462973610.45 1462973596.0 -14454.5998573 5003
45 usuario7 1462973610.06 1462973594.24 -15821.0000992 3299
45 usuario9 1462973610.31 1462973601.0 -9302.00004578 9997
45 usuario15 1462973609.74 1462973609.7 -37.4000072479 18573
45 usuario1 1462973610.16 1462973593.65 -16507.6999664 2950
45 usuario11 1462973610.07 1462973600.78 -9294.6999073 9864
45 usuario6 1462973609.93 1462973593.42 -16510.999918 1880
45 usuario8 1462973609.95 1462973594.48 -15470.7999229 3232
45 usuario12 1462973609.67 1462973602.25 -7424.99995232 10760
45 usuario5 1462973609.65 1462973597.18 -12468.2998657 6504
45 usuario16 1462973610.39 1462973592.82 -17570.9998608 1926
45 usuario14 1462973610.59 1462973593.03 -17556.7998886 1648
45 usuario3 1462973609.77 1462973594.27 -15500.1001358 3452
45 usuario4 1462973609.59 1462973593.6 -15992.7999973 2730
46 usuario13 1462973632.44 1462973617.91 -14532.3998928 6300
46 usuario10 1462973632.22 1462973613.66 -18559.6001148 2748
46 usuario2 1462973631.61 1462973615.08 -16535.3999138 3563
46 usuario7 1462973632.51 1462973632.48 -32.5000286102 21310
46 usuario9 1462973632.46 1462973617.0 -15462.3999596 5629
46 usuario15 1462973631.63 1462973613.06 -18569.4000721 2247
46 usuario1 1462973632.23 1462973613.69 -18544.8999405 2475
46 usuario11 1462973631.65 1462973614.04 -17609.1001034 2916
46 usuario6 1462973632.06 1462973612.48 -19573.5001564 1493
46 usuario8 1462973632.08 1462973618.68 -13401.4000893 7665
46 usuario12 1462973632.51 1462973613.5 -19010.6999874 2722
46 usuario5 1462973632.13 1462973614.43 -17695.800066 3706
46 usuario16 1462973632.21 1462973613.63 -18576.800108 2156
46 usuario14 1462973631.91 1462973618.49 -13418.4000492 6822
46 usuario3 1462973632.45 1462973612.83 -19615.7000065 1999
46 usuario4 1462973632.32 1462973612.23 -20089.400053 1559
47 usuario13 1462973647.77 1462973637.44 -10336.400032 3940
47 usuario10 1462973647.77 1462973635.31 -12459.3000412 2039
47 usuario2 1462973648.35 1462973639.05 -9300.1999855 5344
47 usuario7 1462973647.69 1462973636.06 -11628.6001205 2442
47 usuario9 1462973648.51 1462973641.27 -7245.10002136 7749
47 usuario15 1462973647.74 1462973639.46 -8277.60004997 6773
47 usuario1 1462973648.48 1462973636.11 -12374.5999336 2815
47 usuario11 1462973647.8 1462973647.77 -31.3000679016 15063
47 usuario6 1462973648.65 1462973640.38 -8274.99985695 7242
47 usuario8 1462973648.45 1462973635.02 -13433.4998131 1884
47 usuario12 1462973648.53 1462973635.83 -12701.9999027 2205
47 usuario5 1462973648.34 1462973636.91 -11423.5999584 3649
47 usuario16 1462973648.18 1462973634.69 -13487.6000881 1416
47 usuario14 1462973647.96 1462973634.56 -13400.5999565 1597
47 usuario3 1462973648.67 1462973635.24 -13435.4999065 1732
47 usuario4 1462973647.83 1462973636.24 -11589.9999142 2826
48 usuario13 1462973662.02 1462973650.65 -11369.300127 1818
48 usuario10 1462973662.09 1462973650.69 -11395.2999115 1859
48 usuario2 1462973662.14 1462973651.79 -10347.700119 2386
48 usuario7 1462973661.91 1462973661.87 -44.3999767303 13080
48 usuario9 1462973662.57 1462973654.29 -8276.49998665 4728
48 usuario15 1462973662.19 1462973658.02 -4167.59991646 9197
48 usuario1 1462973661.9 1462973651.56 -10343.0998325 2022
48 usuario11 1462973661.9 1462973650.55 -11356.000185 1666
48 usuario6 1462973661.76 1462973653.49 -8276.09992027 3776
48 usuario8 1462973662.27 1462973651.94 -10330.4998875 2432
48 usuario12 1462973662.46 1462973650.81 -11649.9998569 1185
48 usuario5 1462973661.99 1462973659.89 -2095.79992294 10475
48 usuario16 1462973662.01 1462973654.75 -7265.10000229 5473
48 usuario14 1462973662.56 1462973655.32 -7246.19984627 6292
48 usuario3 1462973661.87 1462973651.52 -10348.099947 1788
48 usuario4 1462973661.82 1462973650.22 -11598.5000134 1286
49 usuario13 1462973680.2 1462973680.17 -30.100107193 17086
49 usuario10 1462973680.39 1462973664.91 -15477.0998955 1766
49 usuario2 1462973680.44 1462973668.04 -12397.0000744 4846
49 usuario7 1462973679.76 1462973664.95 -14810.0998402 1944
49 usuario9 1462973680.13 1462973667.73 -12398.2999325 4110
49 usuario15 1462973680.58 1462973673.34 -7239.0999794 10090
49 usuario1 1462973680.57 1462973668.2 -12369.300127 5204
49 usuario11 1462973679.81 1462973666.39 -13413.1999016 3426
49 usuario6 1462973680.41 1462973666.97 -13432.6999187 4154
49 usuario8 1462973680.32 1462973667.82 -12499.4001389 4495
49 usuario12 1462973680.48 1462973665.71 -14773.6001015 2165
49 usuario5 1462973680.61 1462973669.13 -11487.6999855 6064
49 usuario16 1462973679.75 1462973665.2 -14549.200058 2117
49 usuario14 1462973680.0 1462973665.44 -14555.0000668 1824
49 usuario3 1462973680.08 1462973664.57 -15513.0000114 1646
49 usuario4 1462973679.87 1462973666.18 -13688.7998581 3284
50 usuario13 1462973681.25 1462973687.18 5928.99990082 5889
50 usuario10 1462973681.41 1462973683.45 2039.80016708 2008
50 usuario2 1462973681.46 1462973685.88 4415.89999199 4387
50 usuario7 1462973680.81 1462973684.32 3510.59985161 3461
50 usuario9 1462973681.18 1462973694.32 13135.7998848 13102
50 usuario15 1462973681.6 1462973687.93 6327.3999691 6296
50 usuario1 1462973681.59 1462973685.87 4279.50000763 4249
50 usuario11 1462973680.84 1462973695.93 15092.2000408 15055
50 usuario6 1462973681.43 1462973685.63 4194.59986687 4162
50 usuario8 1462973681.35 1462973683.19 1845.79992294 1818
50 usuario12 1462973681.54 1462973698.24 16694.0000057 16612
50 usuario5 1462973681.64 1462973688.25 6610.2001667 6575
50 usuario16 1462973680.78 1462973683.95 3173.39992523 3146
50 usuario14 1462973681.03 1462973683.26 2236.99998856 2208
50 usuario3 1462973681.11 1462973682.68 1569.60010529 1540
50 usuario4 1462973680.93 1462973683.28 2349.79987144 2303
