round user time_start time_end time_php time_js
1 usuario3 1462278651.61 1462278643.18 -8428.30014229 10249
1 usuario2 1462278651.24 1462278635.75 -15490.4000759 3461
1 usuario5 1462278651.81 1462278643.38 -8428.29990387 10627
1 usuario4 1462278650.36 1462278635.93 -14436.9001389 3503
1 usuario7 1462278652.14 1462278644.92 -7228.79981995 12095
1 usuario6 1462278651.71 1462278637.3 -14405.600071 4380
1 usuario13 1462278651.37 1462278641.06 -10307.2998524 8232
1 usuario14 1462278652.13 1462278638.74 -13390.1000023 5616
1 usuario1 1462278651.28 1462278651.25 -25.3999233246 18408
1 usuario9 1462278651.3 1462278636.88 -14418.4000492 4315
1 usuario16 1462278651.76 1462278637.35 -14406.7001343 4519
1 usuario15 1462278651.48 1462278642.19 -9292.29998589 9673
1 usuario11 1462278651.93 1462278637.48 -14443.2001114 5137
1 usuario12 1462278651.74 1462278638.32 -13422.8000641 5609
1 usuario8 1462278651.42 1462278640.08 -11336.0998631 6972
1 usuario10 1462278651.68 1462278644.47 -7213.20009232 11409
2 usuario3 1462278671.02 1462278665.75 -5269.00005341 13037
2 usuario2 1462278670.76 1462278656.29 -14468.100071 4004
2 usuario5 1462278670.44 1462278659.9 -10543.2999134 7001
2 usuario4 1462278671.12 1462278660.81 -10306.2999249 8170
2 usuario7 1462278670.84 1462278663.6 -7239.0999794 10377
2 usuario6 1462278670.33 1462278664.13 -6201.10011101 11341
2 usuario13 1462278670.52 1462278670.48 -33.6999893188 18055
2 usuario14 1462278671.21 1462278660.89 -10315.4001236 7706
2 usuario1 1462278671.04 1462278659.62 -11426.0001183 7258
2 usuario9 1462278670.3 1462278667.14 -3159.39998627 14756
2 usuario16 1462278670.88 1462278663.61 -7269.70005035 10756
2 usuario15 1462278670.77 1462278655.3 -15474.4000435 2770
2 usuario11 1462278670.31 1462278657.89 -12417.3998833 4913
2 usuario12 1462278670.32 1462278662.04 -8279.99997139 9238
2 usuario8 1462278671.2 1462278663.96 -7238.89994621 11488
2 usuario10 1462278670.62 1462278669.51 -1115.00000954 16765
3 usuario3 1462278694.87 1462278691.66 -3206.59995079 19551
3 usuario2 1462278694.72 1462278675.16 -19554.3999672 3278
3 usuario5 1462278695.06 1462278676.21 -18856.8999767 4671
3 usuario4 1462278694.82 1462278676.29 -18530.7998657 4122
3 usuario7 1462278694.7 1462278685.41 -9296.200037 13513
3 usuario6 1462278694.49 1462278682.13 -12357.8000069 10749
3 usuario13 1462278694.37 1462278686.11 -8268.50008965 14514
3 usuario14 1462278694.57 1462278676.99 -17578.2001019 4730
3 usuario1 1462278694.82 1462278683.48 -11336.1999989 11383
3 usuario9 1462278694.86 1462278679.4 -15463.2999897 8043
3 usuario16 1462278694.44 1462278677.88 -16557.7001572 5946
3 usuario15 1462278695.08 1462278675.51 -19568.0999756 3677
3 usuario11 1462278694.9 1462278677.39 -17505.1999092 6028
3 usuario12 1462278695.14 1462278682.75 -12392.1999931 11373
3 usuario8 1462278694.57 1462278678.07 -16500.4000664 5818
3 usuario10 1462278695.25 1462278695.22 -33.1001281738 23522
4 usuario3 1462278717.46 1462278700.66 -16793.2999134 4690
4 usuario2 1462278718.03 1462278698.28 -19749.3000031 2493
4 usuario5 1462278717.66 1462278698.64 -19016.299963 2491
4 usuario4 1462278717.79 1462278697.22 -20567.0001507 1340
4 usuario7 1462278718.11 1462278706.77 -11345.6001282 11008
4 usuario6 1462278718.26 1462278708.99 -9269.60015297 13446
4 usuario13 1462278717.54 1462278717.51 -34.7998142242 22076
4 usuario14 1462278717.48 1462278705.42 -12065.7000542 9782
4 usuario1 1462278717.66 1462278701.18 -16480.700016 5314
4 usuario9 1462278718.11 1462278717.03 -1081.00008965 19379
4 usuario16 1462278718.24 1462278700.73 -17508.9001656 5233
4 usuario15 1462278717.56 1462278699.03 -18528.3999443 2903
4 usuario11 1462278717.79 1462278707.46 -10335.2999687 11500
4 usuario12 1462278717.78 1462278706.42 -11365.4999733 10205
4 usuario8 1462278718.01 1462278704.63 -13384.7999573 8997
4 usuario10 1462278717.92 1462278713.75 -4172.10006714 17425
5 usuario3 1462278744.52 1462278722.44 -22084.5000744 3873
5 usuario2 1462278744.66 1462278722.04 -22614.4001484 2960
5 usuario5 1462278744.84 1462278721.6 -23232.3000431 2814
5 usuario4 1462278744.95 1462278721.27 -23683.4998131 2432
5 usuario7 1462278745.42 1462278732.04 -13375.6999969 12875
5 usuario6 1462278745.11 1462278729.61 -15500.0 8475
5 usuario13 1462278745.15 1462278735.8 -9355.70001602 17173
5 usuario14 1462278745.05 1462278724.44 -20606.099844 5909
5 usuario1 1462278745.25 1462278731.85 -13397.4997997 13122
5 usuario9 1462278744.81 1462278744.78 -31.1000347137 25603
5 usuario16 1462278744.48 1462278729.83 -14642.9998875 10534
5 usuario15 1462278745.36 1462278720.66 -24690.500021 2055
5 usuario11 1462278744.84 1462278729.37 -15464.9999142 10526
5 usuario12 1462278744.99 1462278728.49 -16501.3999939 9640
5 usuario8 1462278745.32 1462278723.71 -21606.6999435 4647
5 usuario10 1462278744.95 1462278736.65 -8301.20015144 17667
6 usuario3 1462278770.51 1462278749.35 -21166.5999889 3742
6 usuario2 1462278769.9 1462278748.29 -21614.2001152 2574
6 usuario5 1462278769.98 1462278751.08 -18907.0999622 5141
6 usuario4 1462278770.31 1462278748.7 -21607.3000431 2700
6 usuario7 1462278770.31 1462278762.06 -8257.50017166 15581
6 usuario6 1462278769.94 1462278750.42 -19527.9998779 4252
6 usuario13 1462278770.05 1462278764.86 -5186.89990044 18656
6 usuario14 1462278769.62 1462278749.05 -20569.9999332 2951
6 usuario1 1462278769.56 1462278755.11 -14448.800087 8805
6 usuario9 1462278769.86 1462278769.83 -33.3001613617 23933
6 usuario16 1462278769.64 1462278750.09 -19549.4000912 4564
6 usuario15 1462278769.72 1462278748.01 -21710.7000351 1598
6 usuario11 1462278769.97 1462278750.4 -19571.199894 4514
6 usuario12 1462278770.17 1462278768.05 -2125.40006638 22001
6 usuario8 1462278769.86 1462278750.33 -19522.7999687 3962
6 usuario10 1462278770.43 1462278770.39 -38.1999015808 24381
7 usuario3 1462278795.62 1462278795.58 -40.0998592377 23972
7 usuario2 1462278795.63 1462278774.03 -21609.2000008 3064
7 usuario5 1462278795.63 1462278776.72 -18912.6999378 5640
7 usuario4 1462278796.27 1462278773.59 -22682.3000908 2225
7 usuario7 1462278795.59 1462278780.14 -15445.8999634 8776
7 usuario6 1462278796.07 1462278784.71 -11354.7999859 13714
7 usuario13 1462278795.86 1462278790.67 -5189.39995766 19569
7 usuario14 1462278796.54 1462278776.99 -19545.7999706 6309
7 usuario1 1462278795.78 1462278773.16 -22619.6000576 2551
7 usuario9 1462278796.29 1462278776.66 -19627.7000904 5716
7 usuario16 1462278796.56 1462278775.99 -20566.9999123 5296
7 usuario15 1462278796.24 1462278772.46 -23778.4998417 1683
7 usuario11 1462278795.88 1462278775.3 -20585.9000683 4268
7 usuario12 1462278795.66 1462278780.13 -15523.2000351 8903
7 usuario8 1462278795.87 1462278775.72 -20141.3998604 4819
7 usuario10 1462278796.06 1462278790.87 -5189.70012665 19351
8 usuario3 1462278821.73 1462278799.48 -22245.7001209 2789
8 usuario2 1462278822.4 1462278800.75 -21656.9998264 4058
8 usuario5 1462278821.7 1462278799.48 -22219.8998928 2771
8 usuario4 1462278822.21 1462278799.59 -22611.700058 2218
8 usuario7 1462278821.79 1462278804.2 -17590.8999443 7553
8 usuario6 1462278821.81 1462278809.45 -12365.0000095 12327
8 usuario13 1462278821.86 1462278813.59 -8269.19984818 16673
8 usuario14 1462278822.16 1462278805.68 -16480.9999466 8082
8 usuario1 1462278796.8 1462278822.6 25798.199892 25754
8 usuario9 1462278822.15 1462278809.79 -12365.7999039 12447
8 usuario16 1462278822.61 1462278801.0 -21610.3999615 3383
8 usuario15 1462278822.03 1462278799.24 -22785.0999832 1949
8 usuario11 1462278822.36 1462278801.75 -20614.2001152 4781
8 usuario12 1462278822.2 1462278806.73 -15475.3000736 9930
8 usuario8 1462278822.12 1462278800.45 -21678.4999371 3534
8 usuario10 1462278822.31 1462278820.2 -2113.80004883 23087
9 usuario3 1462278845.11 1462278827.23 -17881.7999363 4415
9 usuario2 1462278845.07 1462278826.44 -18632.6999664 2983
9 usuario5 1462278845.05 1462278827.17 -17883.5999966 4362
9 usuario4 1462278844.77 1462278836.51 -8259.20009613 13245
9 usuario7 1462278845.37 1462278843.26 -2111.09995842 20408
9 usuario6 1462278844.88 1462278840.72 -4162.90020943 17852
9 usuario13 1462278845.22 1462278842.07 -3149.3999958 19154
9 usuario14 1462278845.13 1462278838.91 -6219.40016747 15695
9 usuario1 1462278845.05 1462278829.61 -15434.5998764 6788
9 usuario9 1462278845.11 1462278827.45 -17659.3999863 4239
9 usuario16 1462278845.23 1462278826.7 -18522.300005 3041
9 usuario15 1462278844.98 1462278825.4 -19583.6000443 2322
9 usuario11 1462278845.69 1462278845.66 -27.9998779297 22244
9 usuario12 1462278844.88 1462278826.75 -18124.699831 3496
9 usuario8 1462278845.66 1462278827.13 -18530.1001072 3953
9 usuario10 1462278845.3 1462278845.27 -31.200170517 21888
10 usuario3 1462278865.66 1462278849.83 -15824.3000507 3638
10 usuario2 1462278865.03 1462278848.55 -16478.1000614 2427
10 usuario5 1462278865.25 1462278852.62 -12629.1999817 6492
10 usuario4 1462278864.74 1462278849.29 -15451.2000084 3468
10 usuario7 1462278864.8 1462278857.57 -7229.89988327 11143
10 usuario6 1462278864.98 1462278850.57 -14414.2000675 4632
10 usuario13 1462278865.6 1462278858.36 -7241.20020866 12081
10 usuario14 1462278864.76 1462278856.5 -8263.90004158 10316
10 usuario1 1462278865.12 1462278865.09 -36.7999076843 18988
10 usuario9 1462278864.76 1462278849.09 -15670.3000069 2923
10 usuario16 1462278865.03 1462278851.63 -13392.8999901 5333
10 usuario15 1462278865.16 1462278847.46 -17699.5000839 1421
10 usuario11 1462278865.22 1462278863.1 -2113.70015144 16330
10 usuario12 1462278865.39 1462278854.03 -11359.2000008 8097
10 usuario8 1462278865.22 1462278855.95 -9268.39995384 9205
10 usuario10 1462278864.91 1462278856.6 -8310.40000916 10217
11 usuario3 1462278881.99 1462278869.33 -12660.0000858 2583
11 usuario2 1462278882.31 1462278867.89 -14423.0999947 1802
11 usuario5 1462278882.68 1462278869.99 -12686.4001751 3656
11 usuario4 1462278882.37 1462278870.0 -12373.1000423 3179
11 usuario7 1462278882.77 1462278877.57 -5199.8000145 11723
11 usuario6 1462278881.92 1462278879.82 -2106.19997978 13779
11 usuario13 1462278882.78 1462278882.75 -38.8000011444 16084
11 usuario14 1462278882.5 1462278872.19 -10317.8999424 6355
11 usuario1 1462278882.23 1462278870.88 -11351.9999981 4678
11 usuario9 1462278882.78 1462278868.34 -14438.3001328 2517
11 usuario16 1462278882.05 1462278868.64 -13415.4999256 2557
11 usuario15 1462278882.09 1462278867.67 -14422.8999615 1457
11 usuario11 1462278882.49 1462278876.26 -6225.90017319 9992
11 usuario12 1462278882.3 1462278882.26 -39.999961853 15810
11 usuario8 1462278882.79 1462278876.57 -6216.09997749 10293
11 usuario10 1462278882.26 1462278873.99 -8264.19997215 8015
12 usuario3 1462278909.85 1462278884.51 -25342.2000408 1430
12 usuario2 1462278909.87 1462278885.18 -24684.499979 1823
12 usuario5 1462278910.59 1462278888.49 -22096.7998505 4737
12 usuario4 1462278910.1 1462278889.53 -20574.5000839 6101
12 usuario7 1462278909.98 1462278902.74 -7240.10014534 18906
12 usuario6 1462278910.2 1462278898.86 -11337.0001316 15886
12 usuario13 1462278910.86 1462278891.27 -19590.0998116 7407
12 usuario14 1462278910.59 1462278890.01 -20585.5000019 6443
12 usuario1 1462278910.69 1462278888.05 -22632.6999664 4770
12 usuario9 1462278909.88 1462278886.21 -23665.4000282 2385
12 usuario16 1462278909.92 1462278885.21 -24706.799984 2085
12 usuario15 1462278910.42 1462278884.69 -25732.0001125 1543
12 usuario11 1462278910.83 1462278890.22 -20612.0998859 6681
12 usuario12 1462278909.92 1462278891.26 -18658.7998867 7847
12 usuario8 1462278910.18 1462278895.73 -14456.8998814 11867
12 usuario10 1462278910.65 1462278910.62 -30.7998657227 27282
13 usuario3 1462278936.67 1462278913.5 -23169.7998047 2561
13 usuario2 1462278936.37 1462278912.71 -23657.900095 1786
13 usuario5 1462278936.05 1462278917.07 -18976.2001038 5390
13 usuario4 1462278936.33 1462278913.71 -22615.6001091 2557
13 usuario7 1462278936.58 1462278917.99 -18593.4000015 6964
13 usuario6 1462278935.93 1462278925.62 -10315.3998852 14367
13 usuario13 1462278936.02 1462278932.88 -3134.79995728 20957
13 usuario14 1462278936.05 1462278914.42 -21631.7999363 2775
13 usuario1 1462278936.91 1462278919.42 -17492.8998947 7605
13 usuario9 1462278936.25 1462278936.21 -40.500164032 25274
13 usuario16 1462278936.17 1462278914.55 -21623.6000061 3574
13 usuario15 1462278935.94 1462278913.28 -22658.4000587 1806
13 usuario11 1462278936.68 1462278919.17 -17504.0001869 7248
13 usuario12 1462278936.87 1462278922.43 -14440.500021 11357
13 usuario8 1462278936.58 1462278917.05 -19530.8001041 5807
13 usuario10 1462278936.1 1462278932.96 -3136.10005379 21232
14 usuario3 1462278964.87 1462278939.57 -25307.4998856 1799
14 usuario2 1462278964.08 1462278940.41 -23671.0000038 2986
14 usuario5 1462278964.02 1462278939.81 -24206.0000896 2689
14 usuario4 1462278964.71 1462278941.05 -23657.200098 3659
14 usuario7 1462278964.49 1462278949.07 -15425.4000187 11393
14 usuario6 1462278964.46 1462278953.13 -11329.6000957 16145
14 usuario13 1462278964.08 1462278947.6 -16481.099844 10502
14 usuario14 1462278964.76 1462278944.18 -20576.5001774 7050
14 usuario1 1462278964.87 1462278940.04 -24830.8999538 2070
14 usuario9 1462278964.5 1462278964.46 -36.7000102997 27137
14 usuario16 1462278964.31 1462278943.71 -20599.9000072 6484
14 usuario15 1462278964.17 1462278938.43 -25737.8001213 1440
14 usuario11 1462278964.97 1462278951.56 -13403.3000469 13792
14 usuario12 1462278964.56 1462278945.99 -18570.3999996 8057
14 usuario8 1462278964.41 1462278946.89 -17511.0001564 9169
14 usuario10 1462278964.9 1462278959.72 -5178.40003967 22535
15 usuario3 1462278990.29 1462278971.32 -18966.0999775 5329
15 usuario2 1462278990.6 1462278966.82 -23786.2000465 1686
15 usuario5 1462278990.51 1462278977.85 -12661.9999409 12692
15 usuario4 1462278990.62 1462278971.07 -19548.3000278 5286
15 usuario7 1462278990.32 1462278976.95 -13365.7999039 11401
15 usuario6 1462278990.72 1462278983.49 -7225.69990158 17955
15 usuario13 1462278990.54 1462278987.4 -3145.79987526 22257
15 usuario14 1462278990.13 1462278968.53 -21595.5002308 2721
15 usuario1 1462278990.12 1462278971.58 -18542.7999496 5622
15 usuario9 1462278990.59 1462278990.56 -26.9999504089 24948
15 usuario16 1462278990.12 1462278968.29 -21823.6000538 2925
15 usuario15 1462278990.36 1462278966.68 -23682.8999519 1458
15 usuario11 1462278990.29 1462278972.76 -17536.1998081 6736
15 usuario12 1462278990.12 1462278973.49 -16630.300045 7866
15 usuario8 1462278990.76 1462278976.24 -14522.5000381 10778
15 usuario10 1462278990.3 1462278984.09 -6205.69992065 18139
16 usuario3 1462279021.52 1462278996.28 -25237.5998497 4919
16 usuario2 1462279021.37 1462278993.38 -27983.9999676 1727
16 usuario5 1462279021.13 1462278998.05 -23078.799963 6383
16 usuario4 1462279021.64 1462278996.96 -24676.9998074 5288
16 usuario7 1462279021.45 1462279003.96 -17495.6998825 12597
16 usuario6 1462279021.82 1462279006.38 -15443.5999393 14600
16 usuario13 1462279021.44 1462279011.11 -10327.1000385 19504
16 usuario14 1462279022.07 1462278993.26 -28818.8998699 2079
16 usuario1 1462279021.72 1462278992.85 -28877.7999878 1670
16 usuario9 1462279021.93 1462279021.89 -36.2000465393 30220
16 usuario16 1462279022.13 1462278994.35 -27776.4999866 3180
16 usuario15 1462279021.26 1462278993.49 -27769.7000504 2075
16 usuario11 1462279021.39 1462279017.23 -4160.3000164 25881
16 usuario12 1462279021.25 1462278994.46 -26799.0000248 3279
16 usuario8 1462279022.11 1462279001.54 -20572.7000237 9723
16 usuario10 1462279021.24 1462279014.01 -7233.5999012 22646
17 usuario3 1462279039.81 1462279025.01 -14800.2998829 2422
17 usuario2 1462279039.41 1462279023.95 -15455.2001953 1528
17 usuario5 1462279039.62 1462279026.92 -12692.6000118 4726
17 usuario4 1462279039.26 1462279025.81 -13454.9999237 3114
17 usuario7 1462279039.35 1462279035.19 -4161.7000103 12683
17 usuario6 1462279039.81 1462279039.79 -27.2998809814 16909
17 usuario13 1462279039.46 1462279032.18 -7273.2000351 9681
17 usuario14 1462279039.81 1462279026.42 -13389.5001411 3236
17 usuario1 1462279039.88 1462279038.8 -1076.29990578 16023
17 usuario9 1462279039.72 1462279034.53 -5186.90013885 11521
17 usuario16 1462279039.34 1462279028.0 -11347.1999168 4824
17 usuario15 1462279039.47 1462279024.02 -15454.8001289 1703
17 usuario11 1462279039.92 1462279029.58 -10333.2998753 7137
17 usuario12 1462279039.38 1462279029.05 -10324.9001503 6743
17 usuario8 1462279039.58 1462279027.23 -12353.8000584 4061
17 usuario10 1462279039.33 1462279034.15 -5183.69984627 11844
18 usuario3 1462279059.88 1462279043.03 -16845.9999561 2136
18 usuario2 1462279059.92 1462279042.42 -17501.4002323 1957
18 usuario5 1462279059.37 1462279044.62 -14748.4998703 3940
18 usuario4 1462279059.41 1462279043.94 -15472.5999832 3620
18 usuario7 1462279059.6 1462279059.58 -26.4999866486 19169
18 usuario6 1462279060.17 1462279046.67 -13503.4000874 5773
18 usuario13 1462279059.2 1462279055.03 -4162.60004044 14515
18 usuario14 1462279059.53 1462279045.07 -14461.0998631 4212
18 usuario1 1462279059.93 1462279044.47 -15454.9999237 3536
18 usuario9 1462279059.98 1462279057.87 -2110.89992523 17097
18 usuario16 1462279059.26 1462279044.85 -14407.200098 4456
18 usuario15 1462279059.87 1462279042.3 -17563.8999939 1781
18 usuario11 1462279060.13 1462279045.71 -14420.9001064 4735
18 usuario12 1462279059.4 1462279048.04 -11363.1000519 7603
18 usuario8 1462279060.01 1462279048.68 -11331.8998814 8043
18 usuario10 1462279059.58 1462279055.41 -4161.90004349 15028
19 usuario3 1462279088.21 1462279062.93 -25279.2999744 1964
19 usuario2 1462279088.27 1462279063.58 -24684.5998764 2607
19 usuario5 1462279087.81 1462279066.77 -21034.6999168 6310
19 usuario4 1462279087.32 1462279064.64 -22686.5000725 4176
19 usuario7 1462279087.93 1462279070.42 -17505.300045 9740
19 usuario6 1462279087.26 1462279070.79 -16464.6999836 9571
19 usuario13 1462279087.6 1462279069.06 -18532.1002007 8806
19 usuario14 1462279087.38 1462279063.73 -23647.5000381 3076
19 usuario1 1462279087.84 1462279065.21 -22628.4999847 4226
19 usuario9 1462279088.13 1462279088.1 -35.7999801636 27059
19 usuario16 1462279087.53 1462279062.82 -24704.8001289 2502
19 usuario15 1462279088.25 1462279062.53 -25712.4998569 1546
19 usuario11 1462279087.49 1462279069.99 -17504.4000149 8802
19 usuario12 1462279087.41 1462279080.16 -7246.70004845 19705
19 usuario8 1462279088.08 1462279066.45 -21630.5999756 5379
19 usuario10 1462279087.97 1462279081.74 -6230.10015488 21106
20 usuario3 1462279107.46 1462279090.62 -16835.7999325 1322
20 usuario2 1462279107.65 1462279091.17 -16481.2998772 1839
20 usuario5 1462279108.32 1462279091.49 -16827.6998997 2599
20 usuario4 1462279108.1 1462279092.61 -15485.5999947 4239
20 usuario7 1462279107.97 1462279107.93 -42.2999858856 18945
20 usuario6 1462279108.27 1462279106.17 -2104.09998894 16829
20 usuario13 1462279108.12 1462279100.88 -7240.09990692 12226
20 usuario14 1462279107.48 1462279092.03 -15454.6999931 3600
20 usuario1 1462279108.32 1462279106.21 -2109.70020294 17325
20 usuario9 1462279107.73 1462279104.59 -3140.50006866 15380
20 usuario16 1462279108.13 1462279090.64 -17492.3000336 2061
20 usuario15 1462279108.19 1462279090.65 -17544.0001488 1351
20 usuario11 1462279108.23 1462279093.81 -14422.2998619 5257
20 usuario12 1462279108.22 1462279099.94 -8283.90002251 11471
20 usuario8 1462279108.03 1462279094.64 -13393.1000233 5506
20 usuario10 1462279107.84 1462279093.4 -14438.6000633 4378
21 usuario3 1462279136.12 1462279110.81 -25304.500103 2264
21 usuario2 1462279135.35 1462279110.66 -24693.9001083 1948
21 usuario5 1462279135.95 1462279111.75 -24200.2999783 2326
21 usuario4 1462279135.61 1462279111.92 -23691.9000149 2766
21 usuario7 1462279136.22 1462279133.09 -3133.90016556 24034
21 usuario6 1462279136.03 1462279114.45 -21581.6998482 5125
21 usuario13 1462279136.0 1462279135.97 -33.0998897552 26788
21 usuario14 1462279135.54 1462279114.95 -20590.2998447 6410
21 usuario1 1462279135.81 1462279115.12 -20685.500145 5740
21 usuario9 1462279135.56 1462279112.89 -22664.2999649 4106
21 usuario16 1462279135.85 1462279111.16 -24688.0002022 1972
21 usuario15 1462279135.92 1462279111.06 -24850.9001732 1811
21 usuario11 1462279135.63 1462279127.36 -8263.29994202 18062
21 usuario12 1462279135.44 1462279123.0 -12438.6999607 13721
21 usuario8 1462279136.02 1462279113.41 -22610.3999615 4316
21 usuario10 1462279136.38 1462279125.01 -11365.0999069 16117
22 usuario3 1462279163.86 1462279140.72 -23145.4000473 3528
22 usuario2 1462279164.25 1462279139.58 -24668.6999798 2151
22 usuario5 1462279163.96 1462279138.76 -25208.6999416 1726
22 usuario4 1462279163.91 1462279140.27 -23634.9999905 3611
22 usuario7 1462279164.33 1462279147.85 -16475.4998684 10569
22 usuario6 1462279163.91 1462279154.64 -9266.299963 17556
22 usuario13 1462279164.09 1462279164.07 -25.6998538971 26978
22 usuario14 1462279163.77 1462279140.1 -23669.1000462 3511
22 usuario1 1462279164.37 1462279138.59 -25780.5001736 1733
22 usuario9 1462279163.62 1462279138.91 -24708.8000774 2292
22 usuario16 1462279163.86 1462279139.15 -24715.8000469 2249
22 usuario15 1462279163.79 1462279139.1 -24693.5999393 2127
22 usuario11 1462279164.08 1462279141.38 -22704.3998241 4694
22 usuario12 1462279164.4 1462279145.83 -18574.5000839 9319
22 usuario8 1462279163.73 1462279144.14 -19591.0999775 7067
22 usuario10 1462279163.91 1462279147.43 -16480.6001186 9992
23 usuario3 1462279189.87 1462279166.77 -23096.1999893 1822
23 usuario2 1462279190.17 1462279167.55 -22623.3000755 2242
23 usuario5 1462279190.06 1462279165.86 -24207.7999115 813
23 usuario4 1462279189.79 1462279168.11 -21677.7000427 3151
23 usuario7 1462279189.48 1462279186.34 -3134.59992409 20954
23 usuario6 1462279189.98 1462279176.59 -13382.2999001 11624
23 usuario13 1462279190.33 1462279190.3 -28.7001132965 25115
23 usuario14 1462279190.01 1462279167.37 -22630.8000088 2548
23 usuario1 1462279189.69 1462279167.06 -22626.1000633 1636
23 usuario9 1462279189.81 1462279180.5 -9312.09993362 15824
23 usuario16 1462279190.07 1462279168.43 -21644.7000504 3515
23 usuario15 1462279189.5 1462279166.86 -22634.8001957 2017
23 usuario11 1462279190.06 1462279168.44 -21616.6000366 3302
23 usuario12 1462279190.01 1462279188.92 -1090.49987793 23464
23 usuario8 1462279190.46 1462279171.97 -18491.1999702 7150
23 usuario10 1462279190.46 1462279173.98 -16485.1999283 9013
24 usuario3 1462279205.25 1462279192.62 -12631.000042 1652
24 usuario2 1462279205.02 1462279193.56 -11462.100029 2332
24 usuario5 1462279205.23 1462279193.63 -11601.2001038 2476
24 usuario4 1462279204.63 1462279194.33 -10300.6000519 3491
24 usuario7 1462279205.18 1462279198.98 -6201.69997215 8451
24 usuario6 1462279205.17 1462279204.1 -1075.39987564 13065
24 usuario13 1462279205.11 1462279205.07 -40.1999950409 13657
24 usuario14 1462279205.19 1462279193.86 -11328.400135 2806
24 usuario1 1462279205.47 1462279192.08 -13392.1999931 1337
24 usuario9 1462279204.91 1462279204.88 -32.1998596191 14006
24 usuario16 1462279205.49 1462279194.17 -11320.800066 3047
24 usuario15 1462279205.3 1462279192.93 -12374.3999004 2375
24 usuario11 1462279205.09 1462279193.74 -11356.2998772 2625
24 usuario12 1462279205.06 1462279194.73 -10324.7001171 3669
24 usuario8 1462279205.27 1462279195.99 -9279.59990501 4471
24 usuario10 1462279205.39 1462279197.13 -8260.49995422 5609
25 usuario3 1462279225.95 1462279208.1 -17854.6001911 1765
25 usuario2 1462279226.14 1462279208.64 -17500.8001328 2569
25 usuario5 1462279226.16 1462279208.26 -17905.3001404 1949
25 usuario4 1462279225.97 1462279207.41 -18559.0999126 1730
25 usuario7 1462279226.02 1462279211.52 -14499.7999668 5283
25 usuario6 1462279225.88 1462279220.69 -5188.09986115 14465
25 usuario13 1462279225.9 1462279225.87 -27.8000831604 19662
25 usuario14 1462279225.58 1462279209.1 -16473.6001492 2852
25 usuario1 1462279226.5 1462279207.98 -18521.3999748 1457
25 usuario9 1462279225.76 1462279211.28 -14484.3001366 5291
25 usuario16 1462279226.44 1462279214.1 -12339.4999504 7523
25 usuario15 1462279226.38 1462279207.85 -18533.6999893 1494
25 usuario11 1462279226.27 1462279209.76 -16502.3999214 3611
25 usuario12 1462279225.84 1462279218.59 -7255.59997559 12411
25 usuario8 1462279226.49 1462279209.02 -17474.8001099 2696
25 usuario10 1462279226.35 1462279212.95 -13401.2000561 6498
26 usuario3 1462279248.6 1462279230.77 -17835.3002071 3713
26 usuario2 1462279249.02 1462279229.44 -19583.6999416 2241
26 usuario5 1462279249.54 1462279229.54 -20001.6000271 2281
26 usuario4 1462279249.19 1462279230.66 -18527.299881 3633
26 usuario7 1462279248.68 1462279240.43 -8253.19981575 13350
26 usuario6 1462279249.35 1462279238.01 -11336.6999626 11076
26 usuario13 1462279249.55 1462279249.52 -27.4000167847 22524
26 usuario14 1462279248.75 1462279229.2 -19555.5000305 2569
26 usuario1 1462279248.74 1462279232.26 -16476.9999981 4714
26 usuario9 1462279249.14 1462279235.75 -13392.1000957 8934
26 usuario16 1462279248.68 1462279230.16 -18523.3001709 2661
26 usuario15 1462279249.28 1462279228.7 -20586.400032 1261
26 usuario11 1462279249.41 1462279232.81 -16595.3998566 5492
26 usuario12 1462279249.36 1462279235.95 -13409.8000526 9046
26 usuario8 1462279249.47 1462279232.0 -17471.9998837 4453
26 usuario10 1462279248.8 1462279231.27 -17533.0998898 3870
27 usuario3 1462279270.77 1462279257.11 -13664.5998955 7396
27 usuario2 1462279270.71 1462279252.17 -18543.7002182 2089
27 usuario5 1462279271.56 1462279253.51 -18047.8999615 2897
27 usuario4 1462279271.42 1462279252.87 -18545.800209 2627
27 usuario7 1462279270.94 1462279264.73 -6212.20016479 14960
27 usuario6 1462279271.28 1462279256.82 -14463.1998539 6412
27 usuario13 1462279271.29 1462279271.26 -28.5999774933 20628
27 usuario14 1462279270.87 1462279254.39 -16483.9999676 4579
27 usuario1 1462279270.98 1462279251.44 -19537.8000736 1647
27 usuario9 1462279270.91 1462279266.74 -4171.80013657 16542
27 usuario16 1462279270.84 1462279261.55 -9291.19992256 11797
27 usuario15 1462279271.24 1462279251.55 -19693.3999062 1208
27 usuario11 1462279271.58 1462279259.19 -12382.3001385 8703
27 usuario12 1462279271.22 1462279263.97 -7246.79994583 13551
27 usuario8 1462279271.37 1462279255.93 -15441.2999153 5394
27 usuario10 1462279271.08 1462279256.67 -14416.2998199 6809
28 usuario3 1462279293.86 1462279274.93 -18929.500103 3069
28 usuario2 1462279294.15 1462279273.57 -20577.8000355 1811
28 usuario5 1462279294.12 1462279276.24 -17882.8999996 3545
28 usuario4 1462279294.51 1462279275.99 -18516.4000988 3523
28 usuario7 1462279294.17 1462279294.13 -36.4000797272 22137
28 usuario6 1462279294.68 1462279286.42 -8255.3999424 14059
28 usuario13 1462279294.28 1462279283.94 -10335.7000351 11563
28 usuario14 1462279294.4 1462279277.91 -16485.4998589 5953
28 usuario1 1462279293.8 1462279278.35 -15453.9999962 6286
28 usuario9 1462279294.34 1462279273.76 -20586.400032 1789
28 usuario16 1462279294.43 1462279273.84 -20593.6000347 1946
28 usuario15 1462279294.26 1462279273.68 -20585.9000683 1388
28 usuario11 1462279294.16 1462279276.63 -17533.9000225 3998
28 usuario12 1462279294.44 1462279279.98 -14459.3999386 7702
28 usuario8 1462279294.71 1462279274.18 -20535.4998112 1759
28 usuario10 1462279294.03 1462279277.56 -16472.8000164 5388
29 usuario3 1462279322.11 1462279296.86 -25254.6000481 1918
29 usuario2 1462279321.79 1462279297.09 -24706.799984 1880
29 usuario5 1462279322.01 1462279297.73 -24280.600071 2529
29 usuario4 1462279321.99 1462279300.39 -21592.9999352 4828
29 usuario7 1462279322.09 1462279304.59 -17493.8998222 9343
29 usuario6 1462279322.17 1462279312.9 -9272.90010452 17165
29 usuario13 1462279322.54 1462279322.5 -37.1999740601 27170
29 usuario14 1462279322.64 1462279299.0 -23637.7000809 3549
29 usuario1 1462279322.12 1462279297.41 -24713.7999535 2549
29 usuario9 1462279321.96 1462279297.27 -24689.800024 1870
29 usuario16 1462279322.23 1462279298.58 -23649.9998569 3095
29 usuario15 1462279322.59 1462279296.87 -25713.2999897 1554
29 usuario11 1462279322.72 1462279301.12 -21596.2998867 5903
29 usuario12 1462279322.4 1462279304.75 -17650.8998871 9245
29 usuario8 1462279322.15 1462279299.5 -22651.4000893 3734
29 usuario10 1462279321.91 1462279302.31 -19601.3000011 7231
30 usuario3 1462279341.99 1462279329.38 -12610.8000278 6135
30 usuario2 1462279342.29 1462279324.78 -17505.8000088 1939
30 usuario5 1462279342.29 1462279326.54 -15752.8998852 3433
30 usuario4 1462279342.11 1462279326.65 -15457.9999447 3606
30 usuario7 1462279342.58 1462279342.55 -28.1999111176 19406
30 usuario6 1462279342.76 1462279340.68 -2082.20005035 17450
30 usuario13 1462279342.56 1462279336.35 -6208.40001106 12729
30 usuario14 1462279342.32 1462279326.86 -15450.9999752 3175
30 usuario1 1462279342.63 1462279327.17 -15462.5999928 3936
30 usuario9 1462279342.66 1462279337.49 -5171.30017281 14448
30 usuario16 1462279342.08 1462279325.6 -16479.1998863 2317
30 usuario15 1462279341.84 1462279325.31 -16526.7999172 1671
30 usuario11 1462279342.33 1462279327.87 -14453.5999298 4100
30 usuario12 1462279342.45 1462279335.19 -7253.90005112 11665
30 usuario8 1462279342.72 1462279328.3 -14416.0001278 5095
30 usuario10 1462279341.88 1462279335.66 -6219.50006485 12693
31 usuario3 1462279363.88 1462279349.11 -14764.7998333 6028
31 usuario2 1462279364.82 1462279345.18 -19633.5999966 1836
31 usuario5 1462279364.71 1462279346.78 -17932.6000214 3389
31 usuario4 1462279363.85 1462279348.41 -15440.2999878 5217
31 usuario7 1462279364.07 1462279349.67 -14405.7998657 6026
31 usuario6 1462279364.8 1462279360.64 -4158.69998932 16822
31 usuario13 1462279364.14 1462279364.1 -31.3000679016 20489
31 usuario14 1462279364.57 1462279346.01 -18564.2998219 2642
31 usuario1 1462279364.75 1462279345.18 -19569.1998005 1497
31 usuario9 1462279364.46 1462279346.81 -17649.1999626 3099
31 usuario16 1462279364.46 1462279346.94 -17519.299984 3807
31 usuario15 1462279364.5 1462279345.88 -18621.9000816 2942
31 usuario11 1462279364.11 1462279345.54 -18575.0000477 2157
31 usuario12 1462279364.06 1462279351.66 -12399.600029 8153
31 usuario8 1462279364.73 1462279346.23 -18505.2001476 2457
31 usuario10 1462279364.53 1462279351.12 -13407.0000648 8185
32 usuario3 1462279386.43 1462279367.4 -19027.8000832 2447
32 usuario2 1462279386.34 1462279367.67 -18669.5001125 1801
32 usuario5 1462279386.55 1462279366.5 -20046.7000008 681
32 usuario4 1462279385.93 1462279367.41 -18522.9001045 2492
32 usuario7 1462279386.83 1462279378.57 -8260.10012627 13444
32 usuario6 1462279386.17 1462279380.98 -5187.3998642 15122
32 usuario13 1462279386.44 1462279386.41 -29.2000770569 21185
32 usuario14 1462279386.57 1462279368.04 -18532.2999954 2413
32 usuario1 1462279385.97 1462279367.44 -18527.0998478 1609
32 usuario9 1462279386.46 1462279366.9 -19559.7000122 1383
32 usuario16 1462279386.91 1462279372.48 -14428.4000397 6927
32 usuario15 1462279386.66 1462279367.11 -19555.2000999 1546
32 usuario11 1462279386.1 1462279372.69 -13408.1997871 7523
32 usuario12 1462279386.42 1462279370.91 -15514.0998363 5791
32 usuario8 1462279386.35 1462279371.94 -14411.7000103 6150
32 usuario10 1462279386.28 1462279370.83 -15449.9998093 5240
33 usuario3 1462279412.95 1462279389.75 -23201.0998726 2243
33 usuario2 1462279413.74 1462279389.04 -24697.799921 1643
33 usuario5 1462279413.83 1462279388.61 -25227.2999287 978
33 usuario4 1462279412.94 1462279389.28 -23662.1999741 2298
33 usuario7 1462279413.29 1462279401.97 -11319.7999001 14080
33 usuario6 1462279413.62 1462279405.38 -8246.79994583 18162
33 usuario13 1462279413.45 1462279391.85 -21604.7000885 4335
33 usuario14 1462279413.24 1462279390.61 -22630.5999756 2991
33 usuario1 1462279413.88 1462279389.16 -24724.0998745 2141
33 usuario9 1462279413.49 1462279413.45 -31.6998958588 25938
33 usuario16 1462279413.25 1462279390.64 -22617.6998615 2676
33 usuario15 1462279413.1 1462279389.42 -23676.8000126 1703
33 usuario11 1462279412.98 1462279391.24 -21740.4999733 4086
33 usuario12 1462279413.32 1462279393.73 -19584.8999023 6249
33 usuario8 1462279413.86 1462279391.22 -22644.0000534 3812
33 usuario10 1462279413.64 1462279392.0 -21640.1000023 4673
34 usuario3 1462279442.5 1462279416.19 -26308.4001541 2140
34 usuario2 1462279442.54 1462279416.77 -25768.5000896 1988
34 usuario5 1462279442.32 1462279424.46 -17864.3000126 9484
34 usuario4 1462279442.93 1462279417.23 -25705.1000595 2207
34 usuario7 1462279442.79 1462279423.16 -19631.2000751 8810
34 usuario6 1462279442.7 1462279429.28 -13415.8000946 14598
34 usuario13 1462279442.53 1462279442.49 -37.9998683929 27981
34 usuario14 1462279442.97 1462279418.26 -24711.8000984 3965
34 usuario1 1462279442.1 1462279418.44 -23667.5000191 3501
34 usuario9 1462279442.28 1462279420.62 -21661.8998051 6055
34 usuario16 1462279442.8 1462279417.11 -25694.0000057 2788
34 usuario15 1462279442.93 1462279416.18 -26756.3998699 2019
34 usuario11 1462279442.6 1462279421.99 -20605.7999134 7950
34 usuario12 1462279442.35 1462279421.72 -20633.699894 7348
34 usuario8 1462279442.46 1462279418.77 -23695.1999664 3834
34 usuario10 1462279442.58 1462279420.97 -21605.4000854 6267
35 usuario3 1462279460.28 1462279445.56 -14720.9000587 1972
35 usuario2 1462279460.57 1462279445.11 -15455.8999538 1515
35 usuario5 1462279460.82 1462279454.5 -6329.40006256 11096
35 usuario4 1462279461.06 1462279447.66 -13396.600008 3657
35 usuario7 1462279460.41 1462279455.22 -5188.99989128 11364
35 usuario6 1462279460.96 1462279449.62 -11343.5001373 5870
35 usuario13 1462279460.83 1462279454.6 -6226.6998291 10987
35 usuario14 1462279460.37 1462279446.91 -13463.4001255 2822
35 usuario1 1462279460.63 1462279445.19 -15443.7000751 2038
35 usuario9 1462279460.13 1462279460.1 -29.1998386383 16739
35 usuario16 1462279460.1 1462279446.71 -13390.599966 2830
35 usuario15 1462279460.2 1462279445.78 -14423.500061 1789
35 usuario11 1462279460.15 1462279447.78 -12375.0 4128
35 usuario12 1462279460.5 1462279453.22 -7278.10001373 9806
35 usuario8 1462279460.61 1462279446.18 -14429.8000336 2668
35 usuario10 1462279460.07 1462279448.75 -11327.7001381 5113
36 usuario3 1462279480.36 1462279464.63 -15728.2001972 3242
36 usuario2 1462279480.83 1462279463.32 -17510.7998848 1699
36 usuario5 1462279480.9 1462279480.86 -39.0999317169 18920
36 usuario4 1462279480.5 1462279464.0 -16497.699976 1896
36 usuario7 1462279480.59 1462279478.48 -2108.20007324 17010
36 usuario6 1462279481.09 1462279476.94 -4154.70004082 14920
36 usuario13 1462279480.94 1462279479.85 -1090.49987793 17941
36 usuario14 1462279480.16 1462279468.83 -11332.2000504 7395
36 usuario1 1462279480.83 1462279463.35 -17480.2999496 1665
36 usuario9 1462279481.01 1462279470.68 -10327.1000385 9481
36 usuario16 1462279480.86 1462279465.44 -15421.4999676 4289
36 usuario15 1462279480.16 1462279463.67 -16485.1000309 2418
36 usuario11 1462279481.07 1462279466.63 -14439.1000271 5422
36 usuario12 1462279480.72 1462279470.36 -10355.9000492 8802
36 usuario8 1462279480.68 1462279475.5 -5173.20013046 13827
36 usuario10 1462279480.74 1462279464.22 -16516.5998936 3100
37 usuario3 1462279504.9 1462279482.84 -22056.1001301 1381
37 usuario2 1462279504.35 1462279483.58 -20772.4997997 1701
37 usuario5 1462279504.24 1462279484.25 -19984.5001698 2277
37 usuario4 1462279504.21 1462279483.47 -20741.2998676 1911
37 usuario7 1462279504.79 1462279498.58 -6207.39984512 16939
37 usuario6 1462279504.43 1462279485.91 -18522.0000744 3760
37 usuario13 1462279504.56 1462279504.53 -26.1998176575 22541
37 usuario14 1462279504.98 1462279487.33 -17647.2001076 6109
37 usuario1 1462279504.64 1462279487.15 -17493.7000275 5256
37 usuario9 1462279504.95 1462279485.39 -19564.1000271 3324
37 usuario16 1462279504.46 1462279484.86 -19603.700161 2928
37 usuario15 1462279504.61 1462279483.0 -21615.0000095 1784
37 usuario11 1462279504.37 1462279490.95 -13419.2998409 8826
37 usuario12 1462279504.21 1462279486.65 -17555.1002026 4883
37 usuario8 1462279505.12 1462279491.73 -13385.2000237 9998
37 usuario10 1462279504.26 1462279484.71 -19553.1001091 2911
38 usuario3 1462279527.55 1462279508.59 -18956.099987 2609
38 usuario2 1462279527.6 1462279507.01 -20585.0999355 1614
38 usuario5 1462279527.34 1462279506.21 -21129.4999123 847
38 usuario4 1462279527.3 1462279508.76 -18531.8000317 3510
38 usuario7 1462279527.41 1462279514.03 -13387.5999451 8193
38 usuario6 1462279527.41 1462279509.93 -17481.1999798 4444
38 usuario13 1462279527.81 1462279516.46 -11345.400095 10825
38 usuario14 1462279527.57 1462279511.1 -16471.4000225 5061
38 usuario1 1462279527.43 1462279508.79 -18638.4000778 3107
38 usuario9 1462279527.63 1462279527.59 -41.2001609802 21576
38 usuario16 1462279527.91 1462279509.4 -18510.4000568 3885
38 usuario15 1462279527.32 1462279507.76 -19553.800106 2093
38 usuario11 1462279527.87 1462279509.23 -18638.9000416 3806
38 usuario12 1462279527.84 1462279523.67 -4165.99988937 18377
38 usuario8 1462279527.66 1462279509.15 -18509.0999603 2977
38 usuario10 1462279527.78 1462279508.21 -19571.7000961 2900
39 usuario3 1462279553.71 1462279540.01 -13700.7000446 11363
39 usuario2 1462279553.7 1462279530.04 -23661.3001823 1387
39 usuario5 1462279553.55 1462279539.91 -13639.5001411 11465
39 usuario4 1462279553.3 1462279531.7 -21593.3001041 3345
39 usuario7 1462279554.2 1462279536.7 -17492.1000004 8236
39 usuario6 1462279553.8 1462279539.39 -14408.4999561 10934
39 usuario13 1462279554.11 1462279554.09 -23.6001014709 25208
39 usuario14 1462279553.8 1462279541.42 -12382.8001022 12791
39 usuario1 1462279554.05 1462279531.44 -22608.1001759 2960
39 usuario9 1462279553.85 1462279537.37 -16486.0999584 8656
39 usuario16 1462279554.11 1462279532.52 -21594.7999954 3549
39 usuario15 1462279553.35 1462279529.58 -23777.1000862 1203
39 usuario11 1462279553.98 1462279533.38 -20603.399992 4459
39 usuario12 1462279553.93 1462279553.89 -39.7000312805 24989
39 usuario8 1462279553.74 1462279535.23 -18507.999897 6514
39 usuario10 1462279553.23 1462279538.81 -14422.4998951 9974
40 usuario3 1462279573.9 1462279560.22 -13675.1999855 5426
40 usuario2 1462279574.2 1462279556.71 -17494.4999218 1958
40 usuario5 1462279574.15 1462279557.35 -16801.0001183 2709
40 usuario4 1462279573.39 1462279557.88 -15507.4000359 3531
40 usuario7 1462279573.65 1462279573.62 -29.2000770569 18340
40 usuario6 1462279574.07 1462279570.93 -3138.40007782 16073
40 usuario13 1462279574.29 1462279565.93 -8363.60001564 10734
40 usuario14 1462279573.81 1462279559.39 -14415.4000282 4541
40 usuario1 1462279573.44 1462279556.97 -16461.6999626 1866
40 usuario9 1462279574.26 1462279562.9 -11358.0000401 7990
40 usuario16 1462279573.71 1462279564.43 -9277.1999836 9234
40 usuario15 1462279573.99 1462279557.51 -16480.8998108 3102
40 usuario11 1462279574.24 1462279562.89 -11348.099947 7821
40 usuario12 1462279574.0 1462279561.57 -12431.499958 6547
40 usuario8 1462279574.3 1462279566.03 -8274.89995956 11233
40 usuario10 1462279573.39 1462279561.02 -12372.399807 5686
41 usuario3 1462279594.71 1462279576.78 -17929.899931 1792
41 usuario2 1462279594.65 1462279577.11 -17539.3002033 1851
41 usuario5 1462279594.56 1462279579.74 -14812.199831 4492
41 usuario4 1462279594.63 1462279577.1 -17526.4999866 2662
41 usuario7 1462279594.89 1462279586.63 -8264.10007477 11895
41 usuario6 1462279594.88 1462279594.85 -28.2998085022 19695
41 usuario13 1462279595.08 1462279588.86 -6217.49997139 13509
41 usuario14 1462279594.67 1462279581.28 -13391.5998936 6387
41 usuario1 1462279594.78 1462279578.31 -16472.3000526 3814
41 usuario9 1462279594.48 1462279578.94 -15539.0000343 3623
41 usuario16 1462279594.42 1462279577.94 -16478.4998894 3181
41 usuario15 1462279595.19 1462279576.57 -18615.0999069 1530
41 usuario11 1462279595.1 1462279587.87 -7236.5000248 12563
41 usuario12 1462279595.1 1462279582.68 -12416.3999557 7626
41 usuario8 1462279594.46 1462279576.96 -17502.300024 1608
41 usuario10 1462279595.29 1462279580.85 -14439.4001961 6378
42 usuario3 1462279611.49 1462279598.78 -12711.1999989 2928
42 usuario2 1462279611.9 1462279597.44 -14459.3999386 1741
42 usuario5 1462279611.8 1462279598.07 -13731.400013 2392
42 usuario4 1462279612.13 1462279597.68 -14446.9997883 1995
42 usuario7 1462279611.75 1462279600.42 -11330.8000565 4472
42 usuario6 1462279611.88 1462279609.75 -2122.99990654 13794
42 usuario13 1462279612.18 1462279612.15 -33.499956131 16018
42 usuario14 1462279611.84 1462279598.39 -13453.2001019 2665
42 usuario1 1462279611.92 1462279599.55 -12369.4999218 3715
42 usuario9 1462279611.96 1462279599.51 -12449.3000507 3971
42 usuario16 1462279611.47 1462279598.1 -13375.6000996 2633
42 usuario15 1462279611.85 1462279597.42 -14429.3000698 1163
42 usuario11 1462279611.64 1462279599.26 -12377.8998852 3093
42 usuario12 1462279612.06 1462279612.03 -32.7999591827 15794
42 usuario8 1462279611.84 1462279600.49 -11354.3999195 4976
42 usuario10 1462279611.45 1462279600.08 -11365.6001091 3738
43 usuario3 1462279634.97 1462279614.9 -20070.3001022 2330
43 usuario2 1462279634.87 1462279614.27 -20605.0999165 1273
43 usuario5 1462279635.3 1462279615.29 -20007.6999664 2380
43 usuario4 1462279635.25 1462279615.69 -19556.7998886 2512
43 usuario7 1462279635.15 1462279620.69 -14455.8999538 7885
43 usuario6 1462279634.64 1462279618.07 -16568.7000751 5138
43 usuario13 1462279635.34 1462279635.31 -29.000043869 22047
43 usuario14 1462279634.67 1462279615.1 -19578.3998966 2202
43 usuario1 1462279635.3 1462279615.76 -19537.1000767 2787
43 usuario9 1462279635.23 1462279620.8 -14425.8999825 7788
43 usuario16 1462279635.0 1462279615.42 -19579.3001652 2892
43 usuario15 1462279634.72 1462279614.12 -20597.1000195 1210
43 usuario11 1462279634.91 1462279615.34 -19574.1999149 2646
43 usuario12 1462279634.58 1462279623.2 -11383.1000328 10050
43 usuario8 1462279634.62 1462279614.05 -20570.100069 1148
43 usuario10 1462279634.75 1462279616.2 -18547.3999977 3694
44 usuario3 1462279659.21 1462279638.14 -21068.9001083 2079
44 usuario2 1462279659.17 1462279637.45 -21720.6997871 1527
44 usuario5 1462279658.46 1462279638.47 -19988.6000156 2073
44 usuario4 1462279658.81 1462279638.21 -20594.2001343 1915
44 usuario7 1462279658.76 1462279658.72 -32.7999591827 22517
44 usuario6 1462279659.01 1462279639.42 -19583.1999779 3735
44 usuario13 1462279659.24 1462279649.96 -9282.79995918 13539
44 usuario14 1462279659.2 1462279642.73 -16466.7999744 6998
44 usuario1 1462279659.22 1462279638.53 -20687.5 2184
44 usuario9 1462279659.06 1462279651.83 -7230.89981079 15523
44 usuario16 1462279659.48 1462279638.89 -20584.100008 2837
44 usuario15 1462279658.7 1462279639.09 -19612.3998165 3317
44 usuario11 1462279659.09 1462279640.53 -18558.7000847 4562
44 usuario12 1462279658.84 1462279647.46 -11379.1000843 11808
44 usuario8 1462279658.7 1462279639.08 -19622.2000122 3409
44 usuario10 1462279659.13 1462279639.57 -19555.2000999 3774
45 usuario3 1462279687.11 1462279665.06 -22047.1999645 4741
45 usuario2 1462279686.68 1462279661.95 -24724.3001461 1674
45 usuario5 1462279686.79 1462279663.64 -23151.7999172 3043
45 usuario4 1462279686.61 1462279663.99 -22619.8999882 4128
45 usuario7 1462279687.06 1462279668.52 -18543.9999104 8682
45 usuario6 1462279687.49 1462279674.11 -13382.4999332 14045
45 usuario13 1462279687.05 1462279672.6 -14446.9001293 12304
45 usuario14 1462279687.39 1462279663.76 -23636.6999149 3506
45 usuario1 1462279687.27 1462279662.58 -24682.5997829 2308
45 usuario9 1462279687.22 1462279675.88 -11345.099926 15759
45 usuario16 1462279687.04 1462279668.54 -18503.4999847 8003
45 usuario15 1462279687.18 1462279661.46 -25726.3998985 1697
45 usuario11 1462279687.02 1462279664.38 -22641.9999599 4237
45 usuario12 1462279686.76 1462279686.73 -30.2000045776 26831
45 usuario8 1462279687.47 1462279662.81 -24663.3000374 3060
45 usuario10 1462279686.67 1462279678.4 -8267.60005951 18213
46 usuario3 1462279713.75 1462279692.62 -21130.7001114 4415
46 usuario2 1462279714.0 1462279689.31 -24694.2999363 1553
46 usuario5 1462279714.06 1462279691.96 -22105.0999165 4083
46 usuario4 1462279713.74 1462279691.12 -22625.300169 3432
46 usuario7 1462279714.34 1462279699.93 -14404.7000408 11814
46 usuario6 1462279713.76 1462279705.47 -8288.40017319 16932
46 usuario13 1462279713.72 1462279713.68 -38.8000011444 25579
46 usuario14 1462279714.25 1462279691.61 -22636.7001534 3168
46 usuario1 1462279714.52 1462279690.85 -23664.0999317 2504
46 usuario9 1462279714.58 1462279709.38 -5198.49991798 21107
46 usuario16 1462279713.91 1462279690.17 -23733.5000038 2056
46 usuario15 1462279714.62 1462279689.9 -24722.099781 1652
46 usuario11 1462279714.11 1462279694.55 -19562.4001026 6471
46 usuario12 1462279714.06 1462279695.51 -18546.2999344 7661
46 usuario8 1462279713.92 1462279693.36 -20562.0999336 4833
46 usuario10 1462279714.14 1462279691.51 -22625.0 3786
47 usuario3 1462279734.78 1462279716.89 -17893.3000565 2039
47 usuario2 1462279735.32 1462279716.79 -18528.5999775 1736
47 usuario5 1462279735.68 1462279716.74 -18945.2998638 1588
47 usuario4 1462279734.76 1462279717.27 -17487.6000881 2474
47 usuario7 1462279735.27 1462279723.92 -11347.3000526 8531
47 usuario6 1462279735.33 1462279727.08 -8251.59978867 12256
47 usuario13 1462279734.75 1462279734.71 -34.8999500275 19911
47 usuario14 1462279735.23 1462279716.72 -18509.0999603 1418
47 usuario1 1462279735.22 1462279717.73 -17489.1998768 2163
47 usuario9 1462279735.4 1462279718.91 -16490.2999401 3287
47 usuario16 1462279735.49 1462279718.0 -17493.4999943 3042
47 usuario15 1462279735.44 1462279717.93 -17513.600111 2256
47 usuario11 1462279734.69 1462279720.26 -14424.8001575 5090
47 usuario12 1462279734.72 1462279723.36 -11356.6000462 8244
47 usuario8 1462279734.98 1462279717.49 -17485.7001305 2522
47 usuario10 1462279735.37 1462279718.82 -16548.3000278 3628
48 usuario3 1462279757.88 1462279737.9 -19976.8998623 2030
48 usuario2 1462279758.71 1462279738.04 -20679.1000366 1655
48 usuario5 1462279758.13 1462279739.26 -18867.5000668 2489
48 usuario4 1462279758.52 1462279738.93 -19589.6000862 3125
48 usuario7 1462279758.0 1462279741.54 -16459.5999718 5214
48 usuario6 1462279757.96 1462279747.65 -10307.6000214 11264
48 usuario13 1462279758.12 1462279758.09 -29.0999412537 22266
48 usuario14 1462279757.74 1462279738.2 -19539.8001671 1913
48 usuario1 1462279757.89 1462279738.34 -19544.1000462 2065
48 usuario9 1462279758.33 1462279747.0 -11332.3998451 10537
48 usuario16 1462279758.32 1462279738.77 -19550.6000519 2226
48 usuario15 1462279758.61 1462279738.02 -20589.9999142 1511
48 usuario11 1462279757.86 1462279742.4 -15459.5999718 6656
48 usuario12 1462279758.15 1462279757.06 -1095.39985657 21277
48 usuario8 1462279758.21 1462279739.69 -18516.5998936 3654
48 usuario10 1462279758.64 1462279741.11 -17525.4998207 4688
49 usuario3 1462279777.4 1462279761.57 -15825.799942 2630
49 usuario2 1462279777.37 1462279760.89 -16471.6999531 1129
49 usuario5 1462279776.87 1462279761.07 -15791.200161 1868
49 usuario4 1462279777.51 1462279761.02 -16481.8000793 1390
49 usuario7 1462279776.94 1462279776.9 -45.3999042511 17843
49 usuario6 1462279777.11 1462279763.73 -13382.8999996 4715
49 usuario13 1462279777.25 1462279765.87 -11376.3999939 6654
49 usuario14 1462279776.78 1462279763.39 -13388.7999058 3575
49 usuario1 1462279777.44 1462279761.9 -15540.7998562 2961
49 usuario9 1462279776.98 1462279776.95 -28.8000106812 17562
49 usuario16 1462279777.04 1462279762.61 -14430.2000999 3237
49 usuario15 1462279777.7 1462279763.27 -14428.6999702 3611
49 usuario11 1462279777.24 1462279763.83 -13410.3999138 4905
49 usuario12 1462279777.11 1462279768.82 -8284.89995003 9617
49 usuario8 1462279777.11 1462279762.68 -14430.4001331 3422
49 usuario10 1462279776.88 1462279765.53 -11348.7999439 5837
50 usuario3 1462279778.46 1462279780.15 1690.00005722 1654
50 usuario2 1462279778.39 1462279779.84 1448.89998436 1417
50 usuario5 1462279777.93 1462279780.24 2312.89982796 2268
50 usuario4 1462279778.54 1462279781.15 2611.5000248 2581
50 usuario7 1462279777.99 1462279782.48 4485.19992828 4459
50 usuario6 1462279778.14 1462279787.27 9129.69994545 9096
50 usuario13 1462279778.27 1462279801.15 22879.7998428 22850
50 usuario14 1462279778.84 1462279781.79 2950.40011406 2922
50 usuario1 1462279778.47 1462279780.43 1962.49985695 1935
50 usuario9 1462279778.02 1462279781.72 3698.99988174 3669
50 usuario16 1462279778.07 1462279783.35 5282.50002861 5252
50 usuario15 1462279778.72 1462279781.37 2642.60005951 2616
50 usuario11 1462279778.27 1462279784.32 6050.80008507 6020
50 usuario12 1462279778.13 1462279781.1 2968.29986572 2941
50 usuario8 1462279778.13 1462279784.49 6354.39991951 6290
50 usuario10 1462279777.91 1462279781.79 3883.69989395 3857
